,location_id,partner_id,product_id,year,export_value,import_value
0,177,1,103,2015,1082098.0,0.0
1,177,7,103,2015,7401273.0,0.0
2,177,8,103,2015,962.0,89641.0
3,177,15,103,2015,15347407.0,11401260.0
4,177,18,103,2015,28600952.0,15955017.0
5,177,23,103,2015,44828976.0,6126433.0
6,177,24,103,2015,399170.0,0.0
7,177,32,103,2015,0.0,55865.0
8,177,39,103,2015,2270669.0,2623212.0
9,177,41,103,2015,2702972.0,1266863.0
10,177,42,103,2015,765808.0,15170.0
11,177,43,103,2015,44644262.0,9736445.0
12,177,49,103,2015,3329327.0,0.0
13,177,55,103,2015,32076.0,0.0
14,177,58,103,2015,2921291.0,189150.0
15,177,61,103,2015,399004237.0,294791481.0
16,177,64,103,2015,39874848.0,20309209.0
17,177,67,103,2015,64957.0,0.0
18,177,71,103,2015,22304986.0,8285217.0
19,177,74,103,2015,10061178.0,4768916.0
20,177,77,103,2015,38603070.0,49074097.0
21,177,81,103,2015,85600946.0,10518533.0
22,177,90,103,2015,11752661.0,2376301.0
23,177,96,103,2015,806.0,0.0
24,177,97,103,2015,1608174.0,0.0
25,177,102,103,2015,64905388.0,11077466.0
26,177,103,103,2015,16938722.0,0.0
27,177,104,103,2015,184649.0,0.0
28,177,106,103,2015,11791281.0,28386945.0
29,177,111,103,2015,131124599.0,46694007.0
30,177,112,103,2015,113180.0,0.0
31,177,113,103,2015,11197268.0,0.0
32,177,114,103,2015,2122384.0,1888.0
33,177,118,103,2015,363190.0,0.0
34,177,121,103,2015,3015799.0,0.0
35,177,122,103,2015,2347359.0,0.0
36,177,130,103,2015,49502908.0,65845991.0
37,177,138,103,2015,17667994.0,0.0
38,177,153,103,2015,12823825.0,0.0
39,177,162,103,2015,162502204.0,86017182.0
40,177,163,103,2015,270801.0,90482.0
41,177,166,103,2015,155871.0,152257.0
42,177,173,103,2015,2785415.0,0.0
43,177,174,103,2015,8154691.0,0.0
44,177,179,103,2015,3717395.0,3070597.0
45,177,188,103,2015,26432049.0,0.0
46,177,190,103,2015,1509825.0,0.0
47,177,192,103,2015,6096675.0,0.0
48,177,197,103,2015,3772.0,0.0
49,177,205,103,2015,83901.0,0.0
50,177,206,103,2015,71999523.0,7723619.0
51,177,207,103,2015,3739375.0,44732.0
52,177,208,103,2015,14761489.0,7041855.0
53,177,216,103,2015,4959767.0,150008.0
54,177,222,103,2015,166002.0,0.0
55,177,224,103,2015,1884698.0,1387.0
56,177,231,103,2015,7166601.0,62421.0
57,177,236,103,2015,188978.0,0.0
58,177,246,103,2015,9412398.0,3023.0
59,177,249,103,2015,829767.0,51716.0
60,177,250,103,2015,1559511.0,232836.0
61,177,59,103,2015,150260812.0,53391845.0
62,177,124,103,2015,3693275.0,0.0
63,177,127,103,2015,21057.0,0.0
64,177,131,103,2015,2433574.0,3993306.0
65,177,168,103,2015,5758506.0,0.0
66,177,243,103,2015,3966404.0,0.0
67,177,2,103,2015,384825.0,0.0
68,177,107,103,2015,43965.0,105437.0
69,177,110,103,2015,9172710.0,0.0
70,177,115,103,2015,3936556.0,0.0
71,177,183,103,2015,491976.0,0.0
72,177,212,103,2015,157482.0,0.0
73,177,228,103,2015,10376959.0,13742032.0
74,177,13,103,2015,8624.0,0.0
75,177,14,103,2015,2625224.0,0.0
76,177,54,103,2015,18216378.0,161839.0
77,177,73,103,2015,22232.0,0.0
78,177,185,103,2015,71752583.0,2896087.0
79,177,186,103,2015,1849641.0,140269.0
80,177,145,103,2015,193654.0,0.0
81,177,226,103,2015,5889.0,0.0
82,177,44,103,2015,461550.0,0.0
83,177,140,103,2015,954299.0,0.0
84,177,134,103,2015,4072474.0,0.0
85,177,85,103,2015,10341.0,0.0
86,177,239,103,2015,32904921.0,0.0
87,177,22,103,2015,2437032.0,0.0
88,177,159,103,2015,7214949.0,0.0
89,177,142,103,2015,590994.0,0.0
90,177,72,103,2015,11985857.0,1122862.0
91,177,19,103,2015,32964.0,0.0
92,177,181,103,2015,391963.0,0.0
93,177,143,103,2015,629250.0,0.0
94,177,191,103,2015,82802.0,0.0
95,177,16,103,2015,1802710.0,0.0
96,177,0,103,2015,47450.0,0.0
97,177,26,103,2015,497136.0,0.0
98,177,28,103,2015,27055275.0,93231.0
99,177,68,103,2015,10973058.0,9969.0
100,177,82,103,2015,947386.0,0.0
101,177,100,103,2015,13178043.0,0.0
102,177,108,103,2015,21056351.0,0.0
103,177,116,103,2015,151605.0,0.0
104,177,117,103,2015,25785.0,0.0
105,177,132,103,2015,24858482.0,11911721.0
106,177,135,103,2015,1832236.0,686880.0
107,177,147,103,2015,503223.0,0.0
108,177,151,103,2015,47968.0,0.0
109,177,152,103,2015,4407.0,0.0
110,177,164,103,2015,8125.0,0.0
111,177,167,103,2015,1208793.0,0.0
112,177,201,103,2015,5691873.0,53389.0
113,177,217,103,2015,82403.0,0.0
114,177,219,103,2015,185959.0,0.0
115,177,223,103,2015,1467228.0,0.0
116,177,232,103,2015,478912.0,0.0
117,177,38,103,2015,275439.0,0.0
118,177,4,103,2015,71083.0,0.0
119,177,248,103,2015,4456.0,0.0
120,177,9,103,2015,16007039.0,0.0
121,177,66,103,2015,52838508.0,0.0
122,177,83,103,2015,8207831.0,0.0
123,177,46,103,2015,92489.0,0.0
124,177,141,103,2015,417463.0,0.0
125,177,148,103,2015,6318094.0,0.0
126,177,109,103,2015,109119.0,0.0
127,177,136,103,2015,103234.0,0.0
128,177,87,103,2015,53338.0,0.0
129,177,45,103,2015,266629.0,0.0
130,177,47,103,2015,74740.0,0.0
131,177,51,103,2015,396546.0,0.0
132,177,92,103,2015,285.0,0.0
133,177,125,103,2015,113735.0,0.0
134,177,126,103,2015,10427953.0,0.0
135,177,155,103,2015,11498.0,0.0
136,177,156,103,2015,7612.0,0.0
137,177,157,103,2015,273887.0,0.0
138,177,215,103,2015,1133546.0,0.0
139,177,247,103,2015,31506.0,0.0
140,177,21,103,2015,73797.0,0.0
141,177,62,103,2015,10034.0,0.0
142,177,199,103,2015,913832.0,0.0
143,177,101,103,2015,137006.0,0.0
144,177,182,103,2015,1074.0,0.0
145,177,88,103,2015,10662.0,0.0
146,177,50,103,2015,33824.0,0.0
147,177,137,103,2015,42128.0,0.0
148,177,202,103,2015,37588.0,0.0
149,177,11,103,2015,6933.0,0.0
150,177,1,117,2015,64089.0,0.0
151,177,7,117,2015,12385288.0,190025.0
152,177,8,117,2015,0.0,4708.0
153,177,15,117,2015,13919605.0,26797892.0
154,177,18,117,2015,17018947.0,27673366.0
155,177,23,117,2015,17868567.0,12277748.0
156,177,24,117,2015,141229.0,0.0
157,177,32,117,2015,3434252.0,131599.0
158,177,33,117,2015,20152.0,0.0
159,177,39,117,2015,14368012.0,3946.0
160,177,41,117,2015,17306780.0,2651927.0
161,177,42,117,2015,1281768.0,0.0
162,177,43,117,2015,24624117.0,466770.0
163,177,49,117,2015,116789.0,7459.0
164,177,52,117,2015,83605.0,0.0
165,177,58,117,2015,1773095.0,650369.0
166,177,61,117,2015,249520164.0,403444936.0
167,177,64,117,2015,7351714.0,1426131.0
168,177,65,117,2015,3875.0,4269556.0
169,177,67,117,2015,0.0,5259399.0
170,177,71,117,2015,9175957.0,7197643.0
171,177,74,117,2015,1741006.0,1533265.0
172,177,77,117,2015,82166798.0,48682069.0
173,177,81,117,2015,313982590.0,48917886.0
174,177,90,117,2015,6720441.0,326935.0
175,177,93,117,2015,67666.0,0.0
176,177,97,117,2015,4463298.0,0.0
177,177,99,117,2015,4988.0,0.0
178,177,102,117,2015,35260548.0,6264064.0
179,177,103,117,2015,10140.0,62007.0
180,177,104,117,2015,1111292.0,0.0
181,177,106,117,2015,3522770.0,479742.0
182,177,111,117,2015,49546192.0,64644268.0
183,177,113,117,2015,1887194.0,0.0
184,177,114,117,2015,1271417.0,0.0
185,177,121,117,2015,1367811.0,0.0
186,177,122,117,2015,2849312.0,0.0
187,177,130,117,2015,21713662.0,11630596.0
188,177,138,117,2015,1360652.0,4740.0
189,177,153,117,2015,2779018.0,673682.0
190,177,160,117,2015,7733.0,0.0
191,177,162,117,2015,96991817.0,166562803.0
192,177,163,117,2015,3545845.0,667497.0
193,177,166,117,2015,554671.0,0.0
194,177,169,117,2015,37771.0,0.0
195,177,173,117,2015,119972.0,57251.0
196,177,174,117,2015,44578.0,0.0
197,177,179,117,2015,1779413.0,393273.0
198,177,180,117,2015,8008.0,0.0
199,177,188,117,2015,17481802.0,0.0
200,177,190,117,2015,181053.0,0.0
201,177,192,117,2015,5118918.0,0.0
202,177,197,117,2015,1126.0,0.0
203,177,206,117,2015,43365838.0,34426492.0
204,177,207,117,2015,5018248.0,1374036.0
205,177,208,117,2015,14284909.0,2516594.0
206,177,216,117,2015,686546.0,0.0
207,177,222,117,2015,13291.0,0.0
208,177,224,117,2015,6548872.0,399873.0
209,177,230,117,2015,172743.0,0.0
210,177,231,117,2015,30100385.0,696071.0
211,177,246,117,2015,8645782.0,0.0
212,177,249,117,2015,1893197.0,0.0
213,177,250,117,2015,5277508.0,24533.0
214,177,59,117,2015,97942887.0,52595184.0
215,177,124,117,2015,5036961.0,1319.0
216,177,131,117,2015,51205.0,25008.0
217,177,168,117,2015,247034.0,0.0
218,177,243,117,2015,80830.0,0.0
219,177,2,117,2015,205444.0,0.0
220,177,107,117,2015,1126000.0,0.0
221,177,110,117,2015,19171502.0,2198.0
222,177,115,117,2015,204915.0,0.0
223,177,128,117,2015,169401.0,0.0
224,177,183,117,2015,2628041.0,0.0
225,177,203,117,2015,0.0,2517749.0
226,177,212,117,2015,112445.0,0.0
227,177,228,117,2015,23979391.0,2149300.0
228,177,14,117,2015,8949993.0,0.0
229,177,73,117,2015,52030.0,0.0
230,177,185,117,2015,42891097.0,2707962.0
231,177,186,117,2015,57243112.0,1856777.0
232,177,145,117,2015,1895603.0,0.0
233,177,226,117,2015,2189.0,0.0
234,177,44,117,2015,175581.0,109166459.0
235,177,140,117,2015,1575095.0,0.0
236,177,134,117,2015,12752.0,0.0
237,177,239,117,2015,224871.0,8539.0
238,177,22,117,2015,21450.0,0.0
239,177,159,117,2015,0.0,59266.0
240,177,142,117,2015,348536.0,0.0
241,177,72,117,2015,7180718.0,12031.0
242,177,19,117,2015,108583.0,0.0
243,177,181,117,2015,122912.0,0.0
244,177,191,117,2015,307859.0,0.0
245,177,16,117,2015,2577382.0,0.0
246,177,26,117,2015,5155309.0,0.0
247,177,28,117,2015,3773385.0,0.0
248,177,68,117,2015,4132569.0,0.0
249,177,82,117,2015,1283494.0,130177.0
250,177,100,117,2015,13498429.0,111531.0
251,177,108,117,2015,388475.0,0.0
252,177,116,117,2015,79872.0,0.0
253,177,117,117,2015,71784.0,0.0
254,177,132,117,2015,8077655.0,5242803.0
255,177,135,117,2015,3785459.0,216232.0
256,177,147,117,2015,197487.0,0.0
257,177,151,117,2015,9464.0,0.0
258,177,152,117,2015,1385.0,0.0
259,177,164,117,2015,1229.0,0.0
260,177,167,117,2015,1732579.0,0.0
261,177,201,117,2015,12525793.0,68820.0
262,177,217,117,2015,94131.0,0.0
263,177,219,117,2015,233498.0,0.0
264,177,223,117,2015,188902.0,0.0
265,177,232,117,2015,1101807.0,0.0
266,177,227,117,2015,14138.0,7763.0
267,177,4,117,2015,1024863.0,0.0
268,177,144,117,2015,644276.0,0.0
269,177,9,117,2015,2658629.0,0.0
270,177,66,117,2015,4999718.0,0.0
271,177,83,117,2015,18040.0,29872906.0
272,177,46,117,2015,10239.0,0.0
273,177,178,117,2015,61553.0,0.0
274,177,109,117,2015,157809.0,0.0
275,177,136,117,2015,4873.0,157881.0
276,177,87,117,2015,269326.0,0.0
277,177,45,117,2015,145668.0,0.0
278,177,47,117,2015,12513.0,0.0
279,177,92,117,2015,7520.0,0.0
280,177,126,117,2015,8647217.0,0.0
281,177,155,117,2015,0.0,10179.0
282,177,156,117,2015,8926.0,0.0
283,177,196,117,2015,6334.0,0.0
284,177,215,117,2015,2234.0,0.0
285,177,247,117,2015,18869.0,0.0
286,177,62,117,2015,167182.0,48623.0
287,177,182,117,2015,3905.0,0.0
288,177,137,117,2015,157987.0,0.0
289,177,12,117,2015,14002.0,0.0
290,177,210,117,2015,20160.0,0.0
291,177,11,117,2015,4581.0,0.0
292,177,1,118,2015,1459598.0,0.0
293,177,7,118,2015,9609037.0,119859.0
294,177,8,118,2015,674988.0,0.0
295,177,15,118,2015,25578150.0,22810903.0
296,177,18,118,2015,57576240.0,32265389.0
297,177,23,118,2015,15986758.0,13270169.0
298,177,24,118,2015,180274.0,0.0
299,177,32,118,2015,4776843.0,0.0
300,177,39,118,2015,4932723.0,22463.0
301,177,41,118,2015,12206053.0,5664324.0
302,177,42,118,2015,581455.0,0.0
303,177,43,118,2015,3705554.0,2238268.0
304,177,49,118,2015,1314194.0,0.0
305,177,52,118,2015,48385.0,0.0
306,177,55,118,2015,123335.0,0.0
307,177,58,118,2015,1998745.0,16982.0
308,177,61,118,2015,453625730.0,329044609.0
309,177,64,118,2015,17807398.0,6823043.0
310,177,65,118,2015,323409.0,0.0
311,177,67,118,2015,201493.0,0.0
312,177,71,118,2015,59969799.0,27923951.0
313,177,74,118,2015,8671904.0,1586025.0
314,177,77,118,2015,109174852.0,49031659.0
315,177,81,118,2015,151653911.0,13644569.0
316,177,90,118,2015,12170163.0,2441315.0
317,177,93,118,2015,324796.0,0.0
318,177,97,118,2015,3947903.0,3098.0
319,177,99,118,2015,46947.0,0.0
320,177,102,118,2015,54986271.0,8220899.0
321,177,103,118,2015,5338822.0,147617.0
322,177,104,118,2015,4939727.0,74770.0
323,177,106,118,2015,13138367.0,73862571.0
324,177,111,118,2015,100653493.0,60245438.0
325,177,112,118,2015,130254.0,0.0
326,177,113,118,2015,2066000.0,0.0
327,177,114,118,2015,1121787.0,43135.0
328,177,118,118,2015,2163.0,0.0
329,177,121,118,2015,1413381.0,697872.0
330,177,122,118,2015,7239632.0,0.0
331,177,130,118,2015,24650160.0,3338744.0
332,177,138,118,2015,2368620.0,0.0
333,177,153,118,2015,2869160.0,0.0
334,177,160,118,2015,2273.0,0.0
335,177,162,118,2015,57508526.0,104203474.0
336,177,163,118,2015,5463419.0,16814.0
337,177,166,118,2015,56452.0,0.0
338,177,169,118,2015,95131.0,0.0
339,177,173,118,2015,78681.0,4527.0
340,177,174,118,2015,995862.0,0.0
341,177,179,118,2015,10946292.0,6215968.0
342,177,180,118,2015,14456.0,0.0
343,177,188,118,2015,45706642.0,0.0
344,177,190,118,2015,703910.0,0.0
345,177,192,118,2015,2422816.0,29931.0
346,177,197,118,2015,5558.0,0.0
347,177,205,118,2015,2284191.0,0.0
348,177,206,118,2015,39602751.0,27270298.0
349,177,207,118,2015,7946683.0,1278720.0
350,177,208,118,2015,20608676.0,4329524.0
351,177,216,118,2015,1145977.0,1419088.0
352,177,222,118,2015,39288.0,0.0
353,177,224,118,2015,43004477.0,3752503.0
354,177,230,118,2015,243298.0,0.0
355,177,231,118,2015,23595082.0,245181.0
356,177,246,118,2015,3379839.0,47832.0
357,177,249,118,2015,1301270.0,21142.0
358,177,250,118,2015,1006752.0,481872.0
359,177,59,118,2015,102009458.0,49335730.0
360,177,124,118,2015,2067840.0,2248.0
361,177,131,118,2015,76291.0,3447.0
362,177,168,118,2015,4842624.0,0.0
363,177,243,118,2015,2202463.0,0.0
364,177,2,118,2015,73202.0,0.0
365,177,107,118,2015,243953.0,72622.0
366,177,110,118,2015,18740984.0,62852.0
367,177,115,118,2015,1212624.0,0.0
368,177,183,118,2015,810220.0,0.0
369,177,212,118,2015,1115170.0,0.0
370,177,228,118,2015,16889133.0,2940560.0
371,177,14,118,2015,943035.0,201943.0
372,177,54,118,2015,1539904.0,0.0
373,177,73,118,2015,595247.0,0.0
374,177,185,118,2015,62361312.0,6028950.0
375,177,186,118,2015,65647941.0,276196.0
376,177,31,118,2015,0.0,2465.0
377,177,145,118,2015,454054.0,0.0
378,177,44,118,2015,532764.0,0.0
379,177,140,118,2015,1155093.0,31890.0
380,177,134,118,2015,1170404.0,0.0
381,177,85,118,2015,246067.0,0.0
382,177,239,118,2015,693275.0,12722454.0
383,177,159,118,2015,4999052.0,18726.0
384,177,142,118,2015,663893.0,0.0
385,177,72,118,2015,10117812.0,572634.0
386,177,19,118,2015,99967.0,0.0
387,177,181,118,2015,237283.0,1153.0
388,177,123,118,2015,0.0,875047.0
389,177,143,118,2015,263878.0,0.0
390,177,191,118,2015,20914847.0,0.0
391,177,16,118,2015,3934275.0,0.0
392,177,80,118,2015,169773.0,0.0
393,177,0,118,2015,119977.0,0.0
394,177,26,118,2015,3423977.0,2277.0
395,177,28,118,2015,5917003.0,11598.0
396,177,68,118,2015,2025085.0,627488.0
397,177,82,118,2015,790582.0,0.0
398,177,100,118,2015,22056014.0,4402177.0
399,177,108,118,2015,1769610.0,0.0
400,177,116,118,2015,607887.0,0.0
401,177,117,118,2015,358686.0,0.0
402,177,132,118,2015,17949298.0,363636.0
403,177,135,118,2015,512644.0,18190.0
404,177,147,118,2015,264218.0,0.0
405,177,151,118,2015,102407.0,0.0
406,177,152,118,2015,6777.0,0.0
407,177,164,118,2015,2357.0,0.0
408,177,167,118,2015,836430.0,0.0
409,177,187,118,2015,31456.0,0.0
410,177,201,118,2015,8412829.0,42285.0
411,177,217,118,2015,179125.0,0.0
412,177,219,118,2015,595511.0,0.0
413,177,223,118,2015,202797.0,0.0
414,177,232,118,2015,102577.0,0.0
415,177,38,118,2015,26927.0,0.0
416,177,211,118,2015,4625.0,0.0
417,177,227,118,2015,430065.0,0.0
418,177,4,118,2015,837488.0,186454.0
419,177,144,118,2015,832550.0,0.0
420,177,9,118,2015,410990.0,0.0
421,177,66,118,2015,9621052.0,0.0
422,177,83,118,2015,109429.0,0.0
423,177,46,118,2015,418890.0,0.0
424,177,141,118,2015,2238653.0,0.0
425,177,148,118,2015,4025048.0,0.0
426,177,109,118,2015,814918.0,11778.0
427,177,136,118,2015,4702.0,0.0
428,177,214,118,2015,5592330.0,0.0
429,177,87,118,2015,550937.0,0.0
430,177,45,118,2015,1706962.0,0.0
431,177,47,118,2015,364296.0,0.0
432,177,51,118,2015,453272.0,0.0
433,177,84,118,2015,43733.0,0.0
434,177,92,118,2015,17716.0,0.0
435,177,125,118,2015,207640.0,0.0
436,177,126,118,2015,12975703.0,0.0
437,177,155,118,2015,10562.0,0.0
438,177,156,118,2015,83833.0,0.0
439,177,157,118,2015,732343.0,0.0
440,177,196,118,2015,82215.0,0.0
441,177,215,118,2015,497451.0,0.0
442,177,21,118,2015,283856.0,0.0
443,177,62,118,2015,116094.0,0.0
444,177,199,118,2015,138152.0,0.0
445,177,101,118,2015,273005.0,0.0
446,177,182,118,2015,22007.0,0.0
447,177,48,118,2015,1129.0,0.0
448,177,137,118,2015,41279.0,0.0
449,177,12,118,2015,28902.0,0.0
450,177,11,118,2015,4346.0,0.0
451,177,7,119,2015,372499.0,55784.0
452,177,8,119,2015,5683.0,19233058.0
453,177,15,119,2015,54345113.0,15683075.0
454,177,18,119,2015,11122857.0,15171830.0
455,177,23,119,2015,10499841.0,3037152.0
456,177,24,119,2015,81218.0,0.0
457,177,32,119,2015,721896.0,28923869.0
458,177,39,119,2015,9209258.0,1009738.0
459,177,41,119,2015,5340648.0,1122756.0
460,177,42,119,2015,132567.0,2357574.0
461,177,43,119,2015,1750101.0,27339503.0
462,177,49,119,2015,87376.0,11327.0
463,177,52,119,2015,0.0,3667953.0
464,177,58,119,2015,540900.0,41084.0
465,177,61,119,2015,304927453.0,144982321.0
466,177,64,119,2015,11216794.0,1658542.0
467,177,65,119,2015,18597.0,0.0
468,177,67,119,2015,0.0,5833445.0
469,177,71,119,2015,4981705.0,45868534.0
470,177,74,119,2015,7319156.0,25831.0
471,177,77,119,2015,27591354.0,25276409.0
472,177,81,119,2015,83228496.0,5921700.0
473,177,90,119,2015,4590027.0,16815816.0
474,177,93,119,2015,0.0,2779323.0
475,177,97,119,2015,498894.0,4082.0
476,177,102,119,2015,28654177.0,55689334.0
477,177,103,119,2015,4969.0,504485.0
478,177,104,119,2015,286247.0,2144052.0
479,177,106,119,2015,6130072.0,121254.0
480,177,111,119,2015,17257719.0,48945578.0
481,177,112,119,2015,15568.0,0.0
482,177,113,119,2015,40266.0,16722.0
483,177,114,119,2015,2089073.0,319890.0
484,177,118,119,2015,1307.0,0.0
485,177,121,119,2015,6178707.0,92243.0
486,177,122,119,2015,835210.0,0.0
487,177,130,119,2015,19403517.0,1298731.0
488,177,138,119,2015,1374965.0,841917.0
489,177,153,119,2015,29275.0,12034.0
490,177,162,119,2015,114612488.0,98742392.0
491,177,163,119,2015,4564918.0,31581.0
492,177,166,119,2015,692078.0,0.0
493,177,173,119,2015,0.0,269838.0
494,177,174,119,2015,270809.0,1490612.0
495,177,179,119,2015,1101673.0,7525505.0
496,177,180,119,2015,3963.0,0.0
497,177,188,119,2015,2311278.0,0.0
498,177,190,119,2015,3040.0,0.0
499,177,192,119,2015,566549.0,0.0
500,177,205,119,2015,302147.0,0.0
501,177,206,119,2015,31982845.0,6472886.0
502,177,207,119,2015,4159135.0,641658.0
503,177,208,119,2015,13613708.0,922601.0
504,177,216,119,2015,632879.0,14009530.0
505,177,224,119,2015,2327237.0,21734257.0
506,177,230,119,2015,40325.0,0.0
507,177,231,119,2015,54137969.0,14019557.0
508,177,246,119,2015,949350.0,1309557.0
509,177,249,119,2015,135134.0,55978.0
510,177,250,119,2015,851123.0,69923.0
511,177,59,119,2015,53128383.0,17488680.0
512,177,124,119,2015,187902.0,31982.0
513,177,131,119,2015,25195.0,2206.0
514,177,168,119,2015,19535.0,4297.0
515,177,2,119,2015,14129.0,0.0
516,177,25,119,2015,29830.0,0.0
517,177,107,119,2015,0.0,809031.0
518,177,110,119,2015,5257747.0,4202146.0
519,177,115,119,2015,5346619.0,0.0
520,177,128,119,2015,7095.0,24284.0
521,177,183,119,2015,241463.0,0.0
522,177,228,119,2015,27927468.0,63934514.0
523,177,14,119,2015,2481056.0,0.0
524,177,54,119,2015,0.0,1275125.0
525,177,73,119,2015,39267.0,0.0
526,177,185,119,2015,31787451.0,522840.0
527,177,186,119,2015,112427021.0,510861.0
528,177,145,119,2015,5778692.0,0.0
529,177,226,119,2015,0.0,27431.0
530,177,44,119,2015,7861.0,0.0
531,177,140,119,2015,845244.0,271385.0
532,177,134,119,2015,260395.0,610854.0
533,177,239,119,2015,80131.0,493031.0
534,177,22,119,2015,19679.0,11066.0
535,177,159,119,2015,142029.0,0.0
536,177,142,119,2015,437474.0,0.0
537,177,72,119,2015,9649254.0,926917.0
538,177,19,119,2015,39087.0,0.0
539,177,181,119,2015,0.0,1348.0
540,177,191,119,2015,87593.0,0.0
541,177,16,119,2015,965250.0,585477.0
542,177,26,119,2015,1088733.0,3096.0
543,177,28,119,2015,7163238.0,7403.0
544,177,68,119,2015,235575.0,964765.0
545,177,82,119,2015,749794.0,58292.0
546,177,100,119,2015,6496254.0,1384134.0
547,177,116,119,2015,167367.0,603579.0
548,177,117,119,2015,206595.0,0.0
549,177,132,119,2015,14188377.0,2504053.0
550,177,135,119,2015,1465796.0,10393291.0
551,177,151,119,2015,29173.0,0.0
552,177,152,119,2015,8191.0,0.0
553,177,164,119,2015,1305.0,0.0
554,177,167,119,2015,102045.0,0.0
555,177,201,119,2015,4934660.0,831711.0
556,177,209,119,2015,0.0,204579.0
557,177,217,119,2015,207241.0,0.0
558,177,219,119,2015,131976.0,0.0
559,177,223,119,2015,31442.0,0.0
560,177,232,119,2015,328774.0,0.0
561,177,227,119,2015,0.0,7173.0
562,177,4,119,2015,243142.0,0.0
563,177,144,119,2015,263553.0,0.0
564,177,9,119,2015,202105.0,232010.0
565,177,66,119,2015,194077.0,0.0
566,177,83,119,2015,6765.0,0.0
567,177,141,119,2015,0.0,500380.0
568,177,148,119,2015,35952.0,0.0
569,177,109,119,2015,209554.0,0.0
570,177,136,119,2015,12102.0,0.0
571,177,176,119,2015,0.0,11032.0
572,177,87,119,2015,2071.0,0.0
573,177,45,119,2015,68927.0,0.0
574,177,47,119,2015,2851.0,0.0
575,177,51,119,2015,32825.0,0.0
576,177,92,119,2015,8264.0,0.0
577,177,125,119,2015,2818.0,0.0
578,177,126,119,2015,144528.0,0.0
579,177,155,119,2015,1152.0,1537.0
580,177,156,119,2015,952.0,0.0
581,177,196,119,2015,2142.0,0.0
582,177,215,119,2015,11246.0,0.0
583,177,182,119,2015,102.0,0.0
584,177,48,119,2015,5389.0,0.0
585,177,137,119,2015,22807.0,0.0
586,177,12,119,2015,48936.0,0.0
587,177,11,119,2015,1461.0,0.0
588,177,7,137,2015,3337858.0,112466.0
589,177,8,137,2015,465943.0,85319.0
590,177,15,137,2015,69445376.0,68566831.0
591,177,18,137,2015,14649364.0,86823814.0
592,177,23,137,2015,62006607.0,1758022.0
593,177,24,137,2015,262394.0,0.0
594,177,32,137,2015,1959214.0,281154.0
595,177,33,137,2015,18072.0,0.0
596,177,39,137,2015,1876219.0,1112211.0
597,177,41,137,2015,24705400.0,54073869.0
598,177,42,137,2015,128303.0,95050.0
599,177,43,137,2015,12711959.0,57237633.0
600,177,49,137,2015,125017.0,0.0
601,177,52,137,2015,17414.0,1940.0
602,177,58,137,2015,1494436.0,218495.0
603,177,61,137,2015,295504382.0,1109825236.0
604,177,64,137,2015,3071564.0,19209614.0
605,177,65,137,2015,27657.0,0.0
606,177,67,137,2015,70144.0,3935.0
607,177,71,137,2015,14830798.0,66368545.0
608,177,74,137,2015,3580750.0,18097202.0
609,177,77,137,2015,74990208.0,323194278.0
610,177,81,137,2015,37109640.0,120495287.0
611,177,90,137,2015,18013190.0,1189314.0
612,177,93,137,2015,26235.0,0.0
613,177,96,137,2015,26665.0,0.0
614,177,97,137,2015,313585.0,62379.0
615,177,99,137,2015,20544.0,0.0
616,177,102,137,2015,15008485.0,41193179.0
617,177,103,137,2015,726330.0,1488283.0
618,177,104,137,2015,6001806.0,5348843.0
619,177,106,137,2015,6825745.0,70287760.0
620,177,111,137,2015,34331218.0,124578799.0
621,177,113,137,2015,75740.0,10514.0
622,177,114,137,2015,30420773.0,21941298.0
623,177,121,137,2015,2281341.0,4032760.0
624,177,122,137,2015,182572.0,0.0
625,177,130,137,2015,90252053.0,17158622.0
626,177,138,137,2015,1538417.0,308389.0
627,177,153,137,2015,1073546.0,882678.0
628,177,160,137,2015,17225.0,0.0
629,177,162,137,2015,103598296.0,128565543.0
630,177,163,137,2015,6344177.0,3505750.0
631,177,166,137,2015,118512.0,7233.0
632,177,169,137,2015,91125.0,0.0
633,177,173,137,2015,744000.0,0.0
634,177,174,137,2015,406289.0,55054.0
635,177,179,137,2015,6276850.0,2680729.0
636,177,180,137,2015,31552.0,0.0
637,177,188,137,2015,1533612.0,96571.0
638,177,190,137,2015,143020.0,0.0
639,177,192,137,2015,2550745.0,212191.0
640,177,197,137,2015,1476.0,0.0
641,177,205,137,2015,2290.0,0.0
642,177,206,137,2015,29114660.0,15515747.0
643,177,207,137,2015,1945519.0,20374054.0
644,177,208,137,2015,35461544.0,25245471.0
645,177,216,137,2015,4377980.0,167195.0
646,177,222,137,2015,97104.0,0.0
647,177,224,137,2015,7244060.0,3123559.0
648,177,230,137,2015,93314.0,0.0
649,177,231,137,2015,39718305.0,87664396.0
650,177,236,137,2015,1798543.0,1937.0
651,177,246,137,2015,3508833.0,742399.0
652,177,249,137,2015,684958.0,17961340.0
653,177,250,137,2015,40184.0,1023544.0
654,177,29,137,2015,2330.0,0.0
655,177,59,137,2015,95975058.0,56557125.0
656,177,124,137,2015,164155.0,14345.0
657,177,131,137,2015,399434.0,616772.0
658,177,168,137,2015,124464.0,0.0
659,177,243,137,2015,114819.0,0.0
660,177,2,137,2015,40832.0,0.0
661,177,107,137,2015,570505.0,0.0
662,177,110,137,2015,1770083.0,32852475.0
663,177,115,137,2015,3670440.0,0.0
664,177,128,137,2015,123786.0,34362.0
665,177,183,137,2015,427869.0,0.0
666,177,212,137,2015,8735.0,0.0
667,177,228,137,2015,28839374.0,492962.0
668,177,13,137,2015,1241.0,0.0
669,177,14,137,2015,2558759.0,494372.0
670,177,73,137,2015,51019.0,0.0
671,177,185,137,2015,19380012.0,1571941.0
672,177,186,137,2015,53868852.0,10470905.0
673,177,31,137,2015,25845.0,0.0
674,177,145,137,2015,163444.0,0.0
675,177,226,137,2015,194578.0,0.0
676,177,44,137,2015,58564.0,0.0
677,177,140,137,2015,222940.0,777276.0
678,177,134,137,2015,573820.0,38823.0
679,177,85,137,2015,1106.0,0.0
680,177,239,137,2015,455348.0,379383.0
681,177,22,137,2015,157100.0,0.0
682,177,159,137,2015,197224.0,0.0
683,177,142,137,2015,375256.0,0.0
684,177,237,137,2015,38407.0,0.0
685,177,72,137,2015,14895236.0,932542.0
686,177,19,137,2015,21681.0,0.0
687,177,181,137,2015,8536.0,0.0
688,177,123,137,2015,3710.0,0.0
689,177,143,137,2015,3282.0,0.0
690,177,16,137,2015,1087641.0,0.0
691,177,80,137,2015,2727.0,0.0
692,177,26,137,2015,861307.0,3244322.0
693,177,28,137,2015,16449458.0,2058439.0
694,177,68,137,2015,663816.0,8903218.0
695,177,82,137,2015,401534.0,1963.0
696,177,100,137,2015,2005828.0,2496611.0
697,177,108,137,2015,314888.0,0.0
698,177,116,137,2015,25188.0,21625.0
699,177,117,137,2015,552634.0,0.0
700,177,132,137,2015,30777298.0,5457060.0
701,177,135,137,2015,992810.0,234525.0
702,177,151,137,2015,80432.0,0.0
703,177,164,137,2015,4943.0,0.0
704,177,167,137,2015,179525.0,0.0
705,177,187,137,2015,1583.0,0.0
706,177,201,137,2015,2275005.0,21434.0
707,177,209,137,2015,0.0,1972.0
708,177,219,137,2015,536934.0,0.0
709,177,223,137,2015,267583.0,0.0
710,177,232,137,2015,613763.0,0.0
711,177,227,137,2015,5026.0,0.0
712,177,4,137,2015,55788.0,0.0
713,177,144,137,2015,14169.0,0.0
714,177,9,137,2015,271044.0,0.0
715,177,66,137,2015,27804183.0,0.0
716,177,83,137,2015,4346488.0,0.0
717,177,139,137,2015,7783.0,0.0
718,177,141,137,2015,97613.0,0.0
719,177,178,137,2015,0.0,175986.0
720,177,148,137,2015,26773.0,0.0
721,177,109,137,2015,498299.0,3904.0
722,177,136,137,2015,2286.0,0.0
723,177,34,137,2015,11251.0,0.0
724,177,45,137,2015,352110.0,0.0
725,177,47,137,2015,280157.0,0.0
726,177,51,137,2015,781.0,0.0
727,177,84,137,2015,576627.0,0.0
728,177,89,137,2015,22672.0,0.0
729,177,125,137,2015,1794.0,0.0
730,177,126,137,2015,71373.0,0.0
731,177,156,137,2015,37849.0,0.0
732,177,215,137,2015,1526.0,0.0
733,177,229,137,2015,0.0,201623.0
734,177,21,137,2015,46269.0,0.0
735,177,62,137,2015,0.0,7116.0
736,177,182,137,2015,10456.0,0.0
737,177,88,137,2015,8582.0,0.0
738,177,198,137,2015,9080.0,0.0
739,177,137,137,2015,35785.0,0.0
740,177,95,137,2015,21176.0,0.0
741,177,12,137,2015,12463.0,0.0
742,177,1,188,2015,169227.0,0.0
743,177,7,188,2015,6001852.0,659807.0
744,177,8,188,2015,3392256.0,505005.0
745,177,15,188,2015,26169743.0,59417487.0
746,177,18,188,2015,32428560.0,137978095.0
747,177,23,188,2015,6803429.0,5668118.0
748,177,24,188,2015,290590.0,7662.0
749,177,32,188,2015,12107368.0,1429417.0
750,177,33,188,2015,20479.0,64191.0
751,177,39,188,2015,50908461.0,24227974.0
752,177,41,188,2015,45647081.0,117705068.0
753,177,42,188,2015,1565759.0,5840.0
754,177,43,188,2015,41776125.0,1465335056.0
755,177,49,188,2015,2519097.0,31414.0
756,177,52,188,2015,585548.0,6503079.0
757,177,55,188,2015,2953.0,0.0
758,177,58,188,2015,1302450.0,47200.0
759,177,61,188,2015,833692341.0,1556924407.0
760,177,64,188,2015,121473364.0,89161637.0
761,177,65,188,2015,51452.0,3131958.0
762,177,67,188,2015,642663.0,0.0
763,177,71,188,2015,43662147.0,33353683.0
764,177,74,188,2015,15217461.0,26053677.0
765,177,77,188,2015,124128761.0,280495524.0
766,177,81,188,2015,169238539.0,179468186.0
767,177,90,188,2015,25817730.0,695313.0
768,177,93,188,2015,137789.0,0.0
769,177,96,188,2015,9839.0,0.0
770,177,97,188,2015,12521464.0,8623059.0
771,177,99,188,2015,62567.0,0.0
772,177,102,188,2015,25771012.0,46712614.0
773,177,103,188,2015,2781346.0,50952813.0
774,177,104,188,2015,13855805.0,34191762.0
775,177,106,188,2015,11370485.0,60939613.0
776,177,111,188,2015,104929065.0,177656879.0
777,177,112,188,2015,1428.0,0.0
778,177,113,188,2015,413115.0,0.0
779,177,114,188,2015,15218582.0,331145557.0
780,177,118,188,2015,5409.0,0.0
781,177,121,188,2015,17472235.0,613660225.0
782,177,122,188,2015,886045.0,19295.0
783,177,130,188,2015,21022848.0,4801738.0
784,177,138,188,2015,16483544.0,34395177.0
785,177,153,188,2015,15497972.0,10674400.0
786,177,160,188,2015,99128.0,0.0
787,177,162,188,2015,74284430.0,364469884.0
788,177,163,188,2015,33804634.0,17893800.0
789,177,166,188,2015,1666728.0,271138.0
790,177,169,188,2015,3733271.0,10933.0
791,177,173,188,2015,1286250.0,0.0
792,177,174,188,2015,1652543.0,13308807.0
793,177,179,188,2015,8847480.0,3555662.0
794,177,180,188,2015,112876.0,0.0
795,177,188,188,2015,3894200.0,2390.0
796,177,190,188,2015,571593.0,0.0
797,177,192,188,2015,9718194.0,20961750.0
798,177,197,188,2015,48773.0,3371.0
799,177,205,188,2015,30464.0,0.0
800,177,206,188,2015,69654668.0,25448804.0
801,177,207,188,2015,5509926.0,14311066.0
802,177,208,188,2015,30774059.0,50543522.0
803,177,216,188,2015,3066104.0,20921651.0
804,177,222,188,2015,16321.0,4458.0
805,177,224,188,2015,45645777.0,10955272.0
806,177,230,188,2015,141184.0,9211.0
807,177,231,188,2015,260427804.0,260435263.0
808,177,236,188,2015,17290.0,0.0
809,177,246,188,2015,6654423.0,2474566.0
810,177,249,188,2015,4703711.0,15784590.0
811,177,250,188,2015,659028.0,15733429.0
812,177,29,188,2015,50286.0,0.0
813,177,59,188,2015,63746281.0,65103181.0
814,177,124,188,2015,1094710.0,4012.0
815,177,131,188,2015,3108745.0,3209858.0
816,177,168,188,2015,1136030.0,1732233.0
817,177,243,188,2015,21746.0,0.0
818,177,2,188,2015,244413.0,0.0
819,177,25,188,2015,1032.0,0.0
820,177,107,188,2015,4056841.0,235892.0
821,177,110,188,2015,4769249.0,13952458.0
822,177,115,188,2015,13166512.0,4582.0
823,177,128,188,2015,304688.0,23095.0
824,177,183,188,2015,690880.0,1579.0
825,177,212,188,2015,44902.0,0.0
826,177,228,188,2015,29891972.0,3892619.0
827,177,13,188,2015,1792.0,0.0
828,177,14,188,2015,15243482.0,4306425.0
829,177,54,188,2015,211290.0,0.0
830,177,73,188,2015,1065141.0,0.0
831,177,185,188,2015,28061850.0,63949153.0
832,177,186,188,2015,69725260.0,5798293.0
833,177,31,188,2015,280280.0,0.0
834,177,145,188,2015,361927.0,0.0
835,177,226,188,2015,50064.0,0.0
836,177,44,188,2015,157627.0,0.0
837,177,140,188,2015,646334.0,31346.0
838,177,134,188,2015,6019445.0,69025.0
839,177,85,188,2015,8518.0,0.0
840,177,239,188,2015,5458407.0,36291616.0
841,177,22,188,2015,554909.0,983467.0
842,177,159,188,2015,1118063.0,0.0
843,177,142,188,2015,143703.0,1104631.0
844,177,237,188,2015,5096.0,0.0
845,177,72,188,2015,9066007.0,1439177.0
846,177,19,188,2015,136379.0,0.0
847,177,181,188,2015,80693.0,0.0
848,177,143,188,2015,41064.0,8201.0
849,177,191,188,2015,34397.0,833197.0
850,177,16,188,2015,844397.0,0.0
851,177,80,188,2015,7489.0,0.0
852,177,26,188,2015,1133102.0,5302.0
853,177,28,188,2015,25183825.0,5014256.0
854,177,68,188,2015,6202274.0,11381.0
855,177,82,188,2015,3167044.0,150125.0
856,177,100,188,2015,6654125.0,731849.0
857,177,108,188,2015,790201.0,1799.0
858,177,116,188,2015,213462.0,185100.0
859,177,117,188,2015,222511.0,0.0
860,177,132,188,2015,13007484.0,3092620.0
861,177,135,188,2015,1213246.0,36174.0
862,177,151,188,2015,47889.0,3486.0
863,177,152,188,2015,6922.0,0.0
864,177,164,188,2015,6629.0,0.0
865,177,167,188,2015,301290.0,2286898.0
866,177,187,188,2015,10604.0,0.0
867,177,201,188,2015,16062238.0,472185.0
868,177,217,188,2015,19269.0,0.0
869,177,219,188,2015,245340.0,0.0
870,177,223,188,2015,6367833.0,14451155.0
871,177,232,188,2015,1184261.0,0.0
872,177,211,188,2015,4284.0,4939.0
873,177,227,188,2015,208035.0,0.0
874,177,4,188,2015,626158.0,0.0
875,177,144,188,2015,528087.0,0.0
876,177,248,188,2015,26189.0,0.0
877,177,9,188,2015,839943.0,77374.0
878,177,66,188,2015,3969612.0,0.0
879,177,17,188,2015,9255.0,0.0
880,177,83,188,2015,109226.0,0.0
881,177,46,188,2015,5137.0,0.0
882,177,141,188,2015,1777.0,1483.0
883,177,178,188,2015,0.0,32996.0
884,177,148,188,2015,3119.0,0.0
885,177,109,188,2015,1108612.0,287137.0
886,177,136,188,2015,8897.0,0.0
887,177,176,188,2015,57832.0,0.0
888,177,34,188,2015,31002.0,0.0
889,177,87,188,2015,1333.0,0.0
890,177,37,188,2015,47629.0,0.0
891,177,45,188,2015,130724.0,15243.0
892,177,47,188,2015,65283.0,0.0
893,177,84,188,2015,12928.0,0.0
894,177,89,188,2015,71278.0,0.0
895,177,92,188,2015,723.0,0.0
896,177,125,188,2015,1653.0,0.0
897,177,126,188,2015,199112.0,0.0
898,177,133,188,2015,1397.0,0.0
899,177,155,188,2015,33423.0,0.0
900,177,156,188,2015,45785.0,0.0
901,177,196,188,2015,0.0,1930.0
902,177,215,188,2015,9719.0,0.0
903,177,229,188,2015,154516.0,0.0
904,177,247,188,2015,102548.0,0.0
905,177,5,188,2015,7479.0,0.0
906,177,21,188,2015,20377.0,0.0
907,177,62,188,2015,0.0,15559.0
908,177,101,188,2015,7778.0,0.0
909,177,182,188,2015,6729.0,0.0
910,177,198,188,2015,19740.0,0.0
911,177,78,188,2015,40584.0,1112.0
912,177,137,188,2015,19382.0,0.0
913,177,12,188,2015,188030.0,0.0
914,177,1,196,2015,7300.0,0.0
915,177,7,196,2015,354934.0,123620.0
916,177,8,196,2015,5452.0,6550.0
917,177,15,196,2015,1025075.0,125964944.0
918,177,18,196,2015,199158.0,79731184.0
919,177,23,196,2015,1905994.0,7923757.0
920,177,24,196,2015,12462.0,44942.0
921,177,32,196,2015,78725.0,189335.0
922,177,33,196,2015,42364.0,0.0
923,177,39,196,2015,1260151.0,2145421.0
924,177,41,196,2015,783777.0,53443564.0
925,177,42,196,2015,41900.0,16490.0
926,177,43,196,2015,362121.0,527457.0
927,177,49,196,2015,53026.0,1887.0
928,177,52,196,2015,3778.0,2181.0
929,177,61,196,2015,884095808.0,3925515008.0
930,177,64,196,2015,2548317.0,16007510.0
931,177,65,196,2015,10646.0,0.0
932,177,67,196,2015,8417.0,0.0
933,177,71,196,2015,11652403.0,18990560.0
934,177,74,196,2015,2557760.0,158563472.0
935,177,77,196,2015,7842.0,305710112.0
936,177,81,196,2015,23134052.0,58786532.0
937,177,90,196,2015,1049.0,1129603.0
938,177,97,196,2015,65367.0,413545.0
939,177,102,196,2015,6548574.0,72662872.0
940,177,103,196,2015,22846.0,18571.0
941,177,104,196,2015,9794322.0,8377267.0
942,177,106,196,2015,787044.0,8685359.0
943,177,111,196,2015,93650944.0,177368016.0
944,177,113,196,2015,47270.0,1043.0
945,177,114,196,2015,652666.0,69382248.0
946,177,121,196,2015,474035.0,224422.0
947,177,122,196,2015,49812.0,8358.0
948,177,130,196,2015,3692520.0,25392194.0
949,177,138,196,2015,8005106.0,56029028.0
950,177,153,196,2015,235170.0,443992.0
951,177,160,196,2015,2808.0,0.0
952,177,162,196,2015,1813190.0,280995680.0
953,177,163,196,2015,300357.0,87629600.0
954,177,166,196,2015,179436.0,5595.0
955,177,169,196,2015,150499.0,1443.0
956,177,173,196,2015,16673.0,11125.0
957,177,174,196,2015,16577.0,2815.0
958,177,188,196,2015,1032011.0,40514.0
959,177,192,196,2015,1405689.0,128941.0
960,177,197,196,2015,275.0,0.0
961,177,206,196,2015,5084.0,1242438.0
962,177,207,196,2015,1245.0,99003.0
963,177,208,196,2015,60291884.0,141150144.0
964,177,216,196,2015,38006.0,15005.0
965,177,224,196,2015,401061.0,12273221.0
966,177,230,196,2015,16466.0,10167.0
967,177,231,196,2015,130471184.0,747505408.0
968,177,236,196,2015,137304.0,3669.0
969,177,246,196,2015,1756756.0,59833.0
970,177,249,196,2015,249082.0,5459711.0
971,177,250,196,2015,95781592.0,7947534.0
972,177,59,196,2015,8919.0,5410336.0
973,177,124,196,2015,188334.0,1741.0
974,177,131,196,2015,676794.0,2635634.0
975,177,168,196,2015,2343.0,7019.0
976,177,2,196,2015,13842.0,0.0
977,177,25,196,2015,61352.0,2878.0
978,177,107,196,2015,34857.0,22199.0
979,177,110,196,2015,292536.0,41112.0
980,177,115,196,2015,154413.0,20547.0
981,177,128,196,2015,54884.0,0.0
982,177,183,196,2015,25769.0,4983388.0
983,177,228,196,2015,1099560.0,609304.0
984,177,13,196,2015,26831.0,0.0
985,177,14,196,2015,254182.0,638040.0
986,177,54,196,2015,1631.0,0.0
987,177,73,196,2015,1114.0,0.0
988,177,185,196,2015,20929500.0,44684316.0
989,177,186,196,2015,643846.0,2126845824.0
990,177,31,196,2015,26668.0,0.0
991,177,145,196,2015,69002.0,0.0
992,177,226,196,2015,1845.0,0.0
993,177,44,196,2015,52697.0,0.0
994,177,140,196,2015,18050.0,17191.0
995,177,134,196,2015,22309.0,1015.0
996,177,85,196,2015,36655.0,0.0
997,177,239,196,2015,259214.0,4511.0
998,177,22,196,2015,15058.0,0.0
999,177,159,196,2015,97144.0,2280.0
1000,177,142,196,2015,8147842.0,0.0
1001,177,72,196,2015,2260104.0,13088281.0
1002,177,143,196,2015,1682.0,2326.0
1003,177,191,196,2015,14713.0,16260.0
1004,177,120,196,2015,1410.0,0.0
1005,177,16,196,2015,106707.0,25058.0
1006,177,0,196,2015,1861.0,0.0
1007,177,26,196,2015,3100.0,0.0
1008,177,28,196,2015,192036.0,5665.0
1009,177,68,196,2015,58733.0,398022.0
1010,177,82,196,2015,347243.0,7734.0
1011,177,100,196,2015,1033.0,504461.0
1012,177,108,196,2015,27234.0,0.0
1013,177,116,196,2015,5843.0,39106.0
1014,177,117,196,2015,1578.0,0.0
1015,177,132,196,2015,1028608.0,19027624.0
1016,177,135,196,2015,5370.0,0.0
1017,177,151,196,2015,1360.0,3728.0
1018,177,164,196,2015,47993.0,0.0
1019,177,167,196,2015,914.0,3556.0
1020,177,201,196,2015,547250.0,535036.0
1021,177,223,196,2015,5615.0,11232.0
1022,177,232,196,2015,0.0,8735.0
1023,177,38,196,2015,20148.0,0.0
1024,177,211,196,2015,1127.0,0.0
1025,177,4,196,2015,17405698.0,139778.0
1026,177,9,196,2015,22903.0,2349.0
1027,177,66,196,2015,1260.0,2480.0
1028,177,83,196,2015,25393.0,2321.0
1029,177,139,196,2015,124183.0,0.0
1030,177,178,196,2015,33744.0,0.0
1031,177,148,196,2015,13809.0,0.0
1032,177,109,196,2015,3312.0,43033.0
1033,177,136,196,2015,3146.0,0.0
1034,177,176,196,2015,1115.0,0.0
1035,177,34,196,2015,2272.0,0.0
1036,177,214,196,2015,2458.0,0.0
1037,177,45,196,2015,874.0,0.0
1038,177,47,196,2015,8046.0,1004.0
1039,177,51,196,2015,1273.0,0.0
1040,177,84,196,2015,28304.0,0.0
1041,177,125,196,2015,32990.0,0.0
1042,177,126,196,2015,15713.0,0.0
1043,177,155,196,2015,0.0,36927.0
1044,177,156,196,2015,3261.0,0.0
1045,177,57,196,2015,2282.0,1352.0
1046,177,199,196,2015,1692.0,0.0
1047,177,12,196,2015,25848.0,0.0
1048,177,210,196,2015,3382.0,0.0
1049,177,1,116,2015,270824.0,0.0
1050,177,7,116,2015,7426069.0,0.0
1051,177,8,116,2015,1200.0,0.0
1052,177,15,116,2015,3631549.0,2953933.0
1053,177,18,116,2015,6306301.0,15796125.0
1054,177,23,116,2015,4238500.0,1826844.0
1055,177,24,116,2015,71278.0,0.0
1056,177,32,116,2015,2963657.0,453644.0
1057,177,39,116,2015,5827896.0,924105.0
1058,177,41,116,2015,2120488.0,2689641.0
1059,177,42,116,2015,394033.0,0.0
1060,177,43,116,2015,5736662.0,2085526.0
1061,177,49,116,2015,177181.0,238712.0
1062,177,58,116,2015,391663.0,650203.0
1063,177,61,116,2015,134010956.0,113843453.0
1064,177,64,116,2015,12091400.0,9879390.0
1065,177,67,116,2015,234453.0,944751.0
1066,177,71,116,2015,8109234.0,9581418.0
1067,177,74,116,2015,5309092.0,37866.0
1068,177,77,116,2015,9483568.0,21080023.0
1069,177,81,116,2015,43289215.0,6289249.0
1070,177,90,116,2015,17024238.0,1194988.0
1071,177,97,116,2015,2360549.0,6026.0
1072,177,99,116,2015,1126.0,0.0
1073,177,102,116,2015,17155208.0,14412029.0
1074,177,103,116,2015,20579.0,269460.0
1075,177,104,116,2015,86826.0,14028.0
1076,177,106,116,2015,2131370.0,6863388.0
1077,177,111,116,2015,14837663.0,18752923.0
1078,177,113,116,2015,572626.0,0.0
1079,177,114,116,2015,320066.0,132909.0
1080,177,121,116,2015,2665334.0,0.0
1081,177,122,116,2015,1795201.0,0.0
1082,177,130,116,2015,23206000.0,9177976.0
1083,177,138,116,2015,1686870.0,96384.0
1084,177,153,116,2015,19559.0,0.0
1085,177,160,116,2015,1122.0,0.0
1086,177,162,116,2015,13855818.0,29241845.0
1087,177,163,116,2015,2410283.0,38997.0
1088,177,166,116,2015,196255.0,415156.0
1089,177,173,116,2015,19227.0,0.0
1090,177,179,116,2015,227090.0,174162.0
1091,177,180,116,2015,7910.0,20606.0
1092,177,188,116,2015,23882982.0,183799.0
1093,177,190,116,2015,323937.0,0.0
1094,177,192,116,2015,240138.0,1469.0
1095,177,197,116,2015,1522.0,0.0
1096,177,206,116,2015,14745191.0,27104281.0
1097,177,207,116,2015,1694302.0,501040.0
1098,177,208,116,2015,14656015.0,6575225.0
1099,177,216,116,2015,29433.0,22679.0
1100,177,224,116,2015,3182784.0,3965637.0
1101,177,230,116,2015,7680.0,0.0
1102,177,231,116,2015,13765184.0,748556.0
1103,177,246,116,2015,822555.0,104568.0
1104,177,249,116,2015,27763.0,8431.0
1105,177,250,116,2015,1234606.0,26681.0
1106,177,59,116,2015,27861332.0,25467809.0
1107,177,124,116,2015,2968409.0,3122.0
1108,177,131,116,2015,7314.0,54498.0
1109,177,168,116,2015,334814.0,157368.0
1110,177,243,116,2015,2177742.0,0.0
1111,177,2,116,2015,1191768.0,0.0
1112,177,107,116,2015,32312.0,30830.0
1113,177,110,116,2015,28346766.0,426067.0
1114,177,115,116,2015,9116529.0,0.0
1115,177,183,116,2015,709170.0,0.0
1116,177,212,116,2015,541965.0,0.0
1117,177,228,116,2015,5949688.0,5798528.0
1118,177,14,116,2015,3613133.0,47125.0
1119,177,73,116,2015,4579.0,0.0
1120,177,185,116,2015,11270104.0,3315630.0
1121,177,186,116,2015,20071273.0,1720391.0
1122,177,145,116,2015,566377.0,0.0
1123,177,44,116,2015,23319.0,0.0
1124,177,140,116,2015,235188.0,307138.0
1125,177,134,116,2015,7717.0,0.0
1126,177,239,116,2015,86658.0,45634.0
1127,177,142,116,2015,65490.0,0.0
1128,177,72,116,2015,6135653.0,173347.0
1129,177,19,116,2015,9826.0,0.0
1130,177,181,116,2015,2368087.0,0.0
1131,177,16,116,2015,1481386.0,0.0
1132,177,80,116,2015,483194.0,0.0
1133,177,26,116,2015,907286.0,0.0
1134,177,28,116,2015,1961373.0,317047.0
1135,177,68,116,2015,1252547.0,0.0
1136,177,82,116,2015,3342987.0,18356.0
1137,177,100,116,2015,2965112.0,2223.0
1138,177,108,116,2015,1093870.0,0.0
1139,177,116,116,2015,14839.0,0.0
1140,177,117,116,2015,812991.0,0.0
1141,177,132,116,2015,19005289.0,599764.0
1142,177,135,116,2015,2808533.0,261924.0
1143,177,147,116,2015,0.0,7829253.0
1144,177,151,116,2015,4418.0,3769885.0
1145,177,152,116,2015,10295.0,0.0
1146,177,167,116,2015,818127.0,0.0
1147,177,187,116,2015,10663.0,0.0
1148,177,201,116,2015,1490076.0,0.0
1149,177,209,116,2015,0.0,4950.0
1150,177,217,116,2015,20952.0,0.0
1151,177,219,116,2015,213333.0,0.0
1152,177,223,116,2015,373667.0,0.0
1153,177,232,116,2015,1152693.0,0.0
1154,177,4,116,2015,132220.0,0.0
1155,177,144,116,2015,132828.0,0.0
1156,177,248,116,2015,0.0,7437372.0
1157,177,9,116,2015,1063131.0,0.0
1158,177,66,116,2015,3701680.0,0.0
1159,177,83,116,2015,23286.0,0.0
1160,177,46,116,2015,2628.0,0.0
1161,177,148,116,2015,144219.0,0.0
1162,177,109,116,2015,74326.0,0.0
1163,177,87,116,2015,3156.0,0.0
1164,177,45,116,2015,938859.0,0.0
1165,177,47,116,2015,5283.0,0.0
1166,177,92,116,2015,1418.0,0.0
1167,177,126,116,2015,1331102.0,0.0
1168,177,157,116,2015,0.0,1810.0
1169,177,196,116,2015,2074.0,0.0
1170,177,247,116,2015,989.0,0.0
1171,177,62,116,2015,29618.0,0.0
1172,177,3,116,2015,0.0,529378.0
1173,177,78,116,2015,2202.0,0.0
1174,177,137,116,2015,8571.0,0.0
1175,177,210,116,2015,1410.0,0.0
1176,177,11,116,2015,1862.0,0.0
1177,177,7,120,2015,21239374.0,37159.0
1178,177,8,120,2015,12280.0,51833.0
1179,177,15,120,2015,24503022.0,44257533.0
1180,177,18,120,2015,17670478.0,15583600.0
1181,177,23,120,2015,14717493.0,4114473.0
1182,177,24,120,2015,224157.0,0.0
1183,177,32,120,2015,1834948.0,9905952.0
1184,177,33,120,2015,33277.0,0.0
1185,177,39,120,2015,4382564.0,1581973.0
1186,177,41,120,2015,13450236.0,6758419.0
1187,177,42,120,2015,1397275.0,13673.0
1188,177,43,120,2015,18033584.0,9397398.0
1189,177,49,120,2015,920581.0,6192602.0
1190,177,52,120,2015,113572.0,0.0
1191,177,55,120,2015,7337.0,0.0
1192,177,58,120,2015,2083874.0,2229395.0
1193,177,61,120,2015,231646054.0,332733963.0
1194,177,64,120,2015,27059728.0,10718125.0
1195,177,65,120,2015,95784.0,0.0
1196,177,67,120,2015,145242.0,35586300.0
1197,177,71,120,2015,39590331.0,38132971.0
1198,177,74,120,2015,7302734.0,1251277.0
1199,177,77,120,2015,120520650.0,38709694.0
1200,177,81,120,2015,144974053.0,42413254.0
1201,177,90,120,2015,10252985.0,2521489.0
1202,177,93,120,2015,0.0,6503.0
1203,177,96,120,2015,1364.0,0.0
1204,177,97,120,2015,972267.0,82231.0
1205,177,102,120,2015,66407032.0,37905225.0
1206,177,103,120,2015,4475625.0,772863.0
1207,177,104,120,2015,260571.0,10409608.0
1208,177,106,120,2015,22289261.0,9842744.0
1209,177,111,120,2015,75066638.0,51787822.0
1210,177,112,120,2015,4252.0,0.0
1211,177,113,120,2015,1603748.0,0.0
1212,177,114,120,2015,1346867.0,415657.0
1213,177,121,120,2015,2179805.0,4876285.0
1214,177,122,120,2015,787091.0,0.0
1215,177,130,120,2015,36501760.0,9886062.0
1216,177,138,120,2015,1870065.0,3163698.0
1217,177,153,120,2015,639478.0,294506.0
1218,177,162,120,2015,96717344.0,113403968.0
1219,177,163,120,2015,8940281.0,673550.0
1220,177,166,120,2015,1128377.0,49475.0
1221,177,169,120,2015,2175.0,0.0
1222,177,173,120,2015,479470.0,25271.0
1223,177,174,120,2015,287628.0,20688.0
1224,177,179,120,2015,6067789.0,1961153.0
1225,177,180,120,2015,14517.0,14171.0
1226,177,188,120,2015,2894024.0,0.0
1227,177,190,120,2015,84036.0,0.0
1228,177,192,120,2015,1030639.0,23900.0
1229,177,205,120,2015,65938.0,0.0
1230,177,206,120,2015,56310012.0,12697327.0
1231,177,207,120,2015,13910728.0,2328661.0
1232,177,208,120,2015,31039042.0,20093817.0
1233,177,216,120,2015,164814.0,5350250.0
1234,177,222,120,2015,20336.0,18200.0
1235,177,224,120,2015,12338462.0,2504319.0
1236,177,230,120,2015,83490.0,0.0
1237,177,231,120,2015,12597423.0,17807788.0
1238,177,246,120,2015,11567799.0,47797.0
1239,177,249,120,2015,307917.0,109451.0
1240,177,250,120,2015,5402854.0,6308214.0
1241,177,59,120,2015,110254139.0,40891864.0
1242,177,124,120,2015,1071106.0,61192.0
1243,177,127,120,2015,8909.0,0.0
1244,177,131,120,2015,575175.0,8624.0
1245,177,168,120,2015,24915.0,0.0
1246,177,243,120,2015,13424.0,0.0
1247,177,2,120,2015,259226.0,0.0
1248,177,25,120,2015,10428.0,0.0
1249,177,107,120,2015,3241782.0,277817.0
1250,177,110,120,2015,12555477.0,4266464.0
1251,177,115,120,2015,5827663.0,0.0
1252,177,128,120,2015,97712.0,123730.0
1253,177,183,120,2015,59672.0,848.0
1254,177,212,120,2015,926134.0,0.0
1255,177,228,120,2015,28740962.0,4476320.0
1256,177,14,120,2015,3131308.0,43403.0
1257,177,73,120,2015,16313.0,0.0
1258,177,185,120,2015,49506997.0,4050549.0
1259,177,186,120,2015,56521680.0,2512879.0
1260,177,145,120,2015,1065866.0,0.0
1261,177,226,120,2015,6339.0,0.0
1262,177,44,120,2015,15125.0,0.0
1263,177,140,120,2015,2084039.0,0.0
1264,177,134,120,2015,844349.0,13117.0
1265,177,239,120,2015,1334665.0,9789611.0
1266,177,22,120,2015,11180.0,0.0
1267,177,159,120,2015,889979.0,0.0
1268,177,142,120,2015,909559.0,0.0
1269,177,72,120,2015,12802618.0,70467.0
1270,177,181,120,2015,368719.0,9887.0
1271,177,234,120,2015,2401.0,0.0
1272,177,143,120,2015,80023.0,0.0
1273,177,191,120,2015,4631.0,0.0
1274,177,16,120,2015,958840.0,0.0
1275,177,26,120,2015,3691522.0,0.0
1276,177,28,120,2015,14982646.0,189375.0
1277,177,68,120,2015,2564169.0,1300636.0
1278,177,82,120,2015,1443587.0,11116.0
1279,177,100,120,2015,8258039.0,8015008.0
1280,177,108,120,2015,930703.0,0.0
1281,177,116,120,2015,526598.0,2753.0
1282,177,117,120,2015,513912.0,15012.0
1283,177,132,120,2015,20781558.0,1650950.0
1284,177,135,120,2015,1870686.0,285200.0
1285,177,147,120,2015,32394.0,0.0
1286,177,151,120,2015,99395.0,0.0
1287,177,164,120,2015,13511.0,0.0
1288,177,167,120,2015,318104.0,0.0
1289,177,201,120,2015,13556256.0,2179591.0
1290,177,209,120,2015,0.0,17747.0
1291,177,217,120,2015,730371.0,0.0
1292,177,219,120,2015,1783573.0,0.0
1293,177,223,120,2015,382666.0,7520.0
1294,177,232,120,2015,784366.0,0.0
1295,177,211,120,2015,35389.0,0.0
1296,177,4,120,2015,510908.0,13681.0
1297,177,144,120,2015,635493.0,0.0
1298,177,9,120,2015,870056.0,0.0
1299,177,66,120,2015,1191364.0,0.0
1300,177,83,120,2015,883.0,0.0
1301,177,178,120,2015,0.0,1431.0
1302,177,109,120,2015,435072.0,738038.0
1303,177,136,120,2015,62367.0,6101.0
1304,177,87,120,2015,67101.0,0.0
1305,177,45,120,2015,10938.0,0.0
1306,177,47,120,2015,15371.0,0.0
1307,177,92,120,2015,11591.0,0.0
1308,177,126,120,2015,739247.0,0.0
1309,177,155,120,2015,5125.0,118781.0
1310,177,156,120,2015,65473.0,0.0
1311,177,157,120,2015,14183.0,0.0
1312,177,215,120,2015,29291.0,0.0
1313,177,57,120,2015,2964.0,0.0
1314,177,62,120,2015,576051.0,0.0
1315,177,182,120,2015,7244.0,0.0
1316,177,198,120,2015,0.0,7534.0
1317,177,48,120,2015,2610.0,0.0
1318,177,137,120,2015,42111.0,0.0
1319,177,11,120,2015,7145.0,0.0
1320,177,7,148,2015,306279.0,47665.0
1321,177,8,148,2015,51916.0,4062.0
1322,177,15,148,2015,59156993.0,3869221.0
1323,177,18,148,2015,16457235.0,9119209.0
1324,177,23,148,2015,1022034.0,14704.0
1325,177,24,148,2015,9899.0,0.0
1326,177,32,148,2015,196373.0,6569.0
1327,177,33,148,2015,0.0,3759.0
1328,177,39,148,2015,1894816.0,3997357.0
1329,177,41,148,2015,23727348.0,3980244.0
1330,177,42,148,2015,61061.0,904.0
1331,177,43,148,2015,2092240.0,8534905.0
1332,177,49,148,2015,11642.0,6758.0
1333,177,52,148,2015,5051.0,7963.0
1334,177,58,148,2015,160435.0,93442.0
1335,177,61,148,2015,729175026.0,375926819.0
1336,177,64,148,2015,26472264.0,4199596.0
1337,177,65,148,2015,6858.0,0.0
1338,177,67,148,2015,26418.0,0.0
1339,177,71,148,2015,5622370.0,3940881.0
1340,177,74,148,2015,6136070.0,1694180.0
1341,177,77,148,2015,65176614.0,9706640.0
1342,177,81,148,2015,61591860.0,77444072.0
1343,177,90,148,2015,1035336.0,2518459.0
1344,177,93,148,2015,1771.0,0.0
1345,177,97,148,2015,48466.0,9978846.0
1346,177,99,148,2015,480.0,0.0
1347,177,102,148,2015,16756830.0,8375423.0
1348,177,103,148,2015,19180.0,7742.0
1349,177,104,148,2015,141567.0,228036.0
1350,177,106,148,2015,1797363.0,7166664.0
1351,177,111,148,2015,10766798.0,28289160.0
1352,177,113,148,2015,10727.0,810.0
1353,177,114,148,2015,935359.0,280476.0
1354,177,121,148,2015,234707.0,462382.0
1355,177,122,148,2015,257423.0,0.0
1356,177,130,148,2015,3259036.0,683258.0
1357,177,138,148,2015,146988.0,3307923.0
1358,177,153,148,2015,329728.0,161324.0
1359,177,162,148,2015,33460744.0,23133073.0
1360,177,163,148,2015,20192850.0,342152.0
1361,177,166,148,2015,246079.0,39927.0
1362,177,169,148,2015,1795.0,0.0
1363,177,173,148,2015,37849.0,0.0
1364,177,174,148,2015,23000.0,4045.0
1365,177,179,148,2015,1882274.0,253463.0
1366,177,180,148,2015,391354.0,0.0
1367,177,188,148,2015,248234.0,0.0
1368,177,192,148,2015,483938.0,201033.0
1369,177,205,148,2015,7831.0,0.0
1370,177,206,148,2015,4920540.0,4341587.0
1371,177,207,148,2015,597851.0,84932.0
1372,177,208,148,2015,34718032.0,2393510.0
1373,177,216,148,2015,135191.0,56686.0
1374,177,222,148,2015,1665.0,0.0
1375,177,224,148,2015,829012.0,307205.0
1376,177,230,148,2015,4956.0,2280.0
1377,177,231,148,2015,10258276.0,10951672.0
1378,177,246,148,2015,4256902.0,54857.0
1379,177,249,148,2015,97133.0,218563.0
1380,177,250,148,2015,1864930.0,917948.0
1381,177,29,148,2015,17765.0,0.0
1382,177,59,148,2015,46753200.0,35928618.0
1383,177,124,148,2015,52186.0,12135.0
1384,177,131,148,2015,3775325.0,31293.0
1385,177,168,148,2015,52824.0,0.0
1386,177,243,148,2015,862.0,0.0
1387,177,2,148,2015,2275792.0,0.0
1388,177,107,148,2015,31599.0,2345.0
1389,177,110,148,2015,208391.0,820566.0
1390,177,115,148,2015,1952015.0,4409.0
1391,177,128,148,2015,4127.0,3243.0
1392,177,183,148,2015,346797.0,50592.0
1393,177,228,148,2015,5750955.0,539836.0
1394,177,14,148,2015,1773569.0,363008.0
1395,177,73,148,2015,0.0,6426.0
1396,177,185,148,2015,10485256.0,801207.0
1397,177,186,148,2015,56064324.0,403886.0
1398,177,145,148,2015,25161.0,0.0
1399,177,226,148,2015,63099.0,0.0
1400,177,44,148,2015,6268.0,0.0
1401,177,140,148,2015,82090.0,5972.0
1402,177,134,148,2015,560579.0,35130.0
1403,177,85,148,2015,2067.0,0.0
1404,177,239,148,2015,9736.0,43992.0
1405,177,22,148,2015,2536.0,0.0
1406,177,159,148,2015,116826.0,0.0
1407,177,142,148,2015,90061.0,0.0
1408,177,72,148,2015,2137719.0,11932.0
1409,177,19,148,2015,1289.0,0.0
1410,177,143,148,2015,1416.0,0.0
1411,177,16,148,2015,55919.0,3955.0
1412,177,26,148,2015,304224.0,178742.0
1413,177,28,148,2015,1691516.0,53464.0
1414,177,68,148,2015,130283.0,92618.0
1415,177,82,148,2015,253585.0,53277.0
1416,177,100,148,2015,805412.0,172021.0
1417,177,108,148,2015,209856.0,0.0
1418,177,116,148,2015,12157.0,1032.0
1419,177,117,148,2015,11933.0,0.0
1420,177,132,148,2015,1270131.0,286577.0
1421,177,135,148,2015,262576.0,2399.0
1422,177,151,148,2015,1930.0,1243.0
1423,177,164,148,2015,370.0,0.0
1424,177,167,148,2015,41147.0,0.0
1425,177,187,148,2015,808.0,0.0
1426,177,201,148,2015,1547482.0,371494.0
1427,177,219,148,2015,2321.0,0.0
1428,177,223,148,2015,50117.0,0.0
1429,177,232,148,2015,4117.0,0.0
1430,177,211,148,2015,612.0,0.0
1431,177,4,148,2015,23485.0,599379.0
1432,177,144,148,2015,182895.0,0.0
1433,177,248,148,2015,37512.0,0.0
1434,177,9,148,2015,424860.0,0.0
1435,177,66,148,2015,85605.0,0.0
1436,177,83,148,2015,2651.0,0.0
1437,177,178,148,2015,2322.0,0.0
1438,177,109,148,2015,318448.0,0.0
1439,177,45,148,2015,6494.0,0.0
1440,177,47,148,2015,1555.0,0.0
1441,177,84,148,2015,44295.0,0.0
1442,177,89,148,2015,6194.0,0.0
1443,177,125,148,2015,1058.0,0.0
1444,177,126,148,2015,15405.0,0.0
1445,177,133,148,2015,41540.0,0.0
1446,177,156,148,2015,3270.0,0.0
1447,177,157,148,2015,1085.0,0.0
1448,177,196,148,2015,1399.0,0.0
1449,177,215,148,2015,43111.0,0.0
1450,177,182,148,2015,762.0,0.0
1451,177,78,148,2015,1236.0,0.0
1452,177,1,183,2015,383988.0,0.0
1453,177,7,183,2015,415604420.0,2177465.0
1454,177,8,183,2015,13158313.0,317472.0
1455,177,15,183,2015,387919644.0,602220660.0
1456,177,18,183,2015,362523100.0,276844137.0
1457,177,23,183,2015,103875420.0,54180628.0
1458,177,24,183,2015,6929611.0,1125.0
1459,177,32,183,2015,95367354.0,5380247.0
1460,177,33,183,2015,144650.0,6159.0
1461,177,39,183,2015,41407958.0,23131985.0
1462,177,41,183,2015,262231458.0,264001982.0
1463,177,42,183,2015,22628609.0,23604.0
1464,177,43,183,2015,220846769.0,3213028623.0
1465,177,49,183,2015,7406683.0,697226.0
1466,177,52,183,2015,1080073.0,7402112.0
1467,177,55,183,2015,1516587.0,0.0
1468,177,58,183,2015,81300325.0,2716060.0
1469,177,61,183,2015,6303477623.0,6587530037.0
1470,177,64,183,2015,351486264.0,246563901.0
1471,177,65,183,2015,875281.0,1282305.0
1472,177,67,183,2015,1519973.0,259877.0
1473,177,71,183,2015,690362139.0,637117954.0
1474,177,74,183,2015,167922220.0,121703458.0
1475,177,77,183,2015,1415990624.0,830745248.0
1476,177,81,183,2015,1704347252.0,557080408.0
1477,177,90,183,2015,117033407.0,18415394.0
1478,177,93,183,2015,136619.0,0.0
1479,177,96,183,2015,429926.0,0.0
1480,177,97,183,2015,61603365.0,122902943.0
1481,177,99,183,2015,283311.0,296431.0
1482,177,102,183,2015,928924185.0,571567557.0
1483,177,103,183,2015,6538371.0,104759702.0
1484,177,104,183,2015,60888336.0,45424769.0
1485,177,106,183,2015,34227998.0,161342548.0
1486,177,111,183,2015,880186768.0,1078026898.0
1487,177,112,183,2015,83299.0,0.0
1488,177,113,183,2015,1696805.0,37249.0
1489,177,114,183,2015,23756673.0,147375391.0
1490,177,118,183,2015,22274.0,507615.0
1491,177,121,183,2015,54348140.0,824186149.0
1492,177,122,183,2015,11239144.0,0.0
1493,177,130,183,2015,208038886.0,109828922.0
1494,177,138,183,2015,154953335.0,78718687.0
1495,177,153,183,2015,23642503.0,245375785.0
1496,177,160,183,2015,752686.0,9949.0
1497,177,162,183,2015,1259424117.0,1390281134.0
1498,177,163,183,2015,101776047.0,44620248.0
1499,177,166,183,2015,6642798.0,920002.0
1500,177,169,183,2015,647218.0,432460.0
1501,177,173,183,2015,14092260.0,0.0
1502,177,174,183,2015,5163224.0,85787413.0
1503,177,179,183,2015,143185799.0,74289926.0
1504,177,180,183,2015,991447.0,0.0
1505,177,188,183,2015,113493071.0,109051.0
1506,177,190,183,2015,1233091.0,3890.0
1507,177,192,183,2015,23406440.0,56284062.0
1508,177,197,183,2015,409308.0,234929.0
1509,177,205,183,2015,15908.0,2983.0
1510,177,206,183,2015,411835699.0,1312998299.0
1511,177,207,183,2015,66957722.0,96182669.0
1512,177,208,183,2015,786370877.0,252225318.0
1513,177,216,183,2015,16020819.0,46508217.0
1514,177,222,183,2015,1100762.0,7109.0
1515,177,224,183,2015,573120761.0,127535872.0
1516,177,230,183,2015,1283258.0,0.0
1517,177,231,183,2015,773437983.0,384946634.0
1518,177,236,183,2015,14092776.0,12405.0
1519,177,246,183,2015,38477274.0,4714143.0
1520,177,249,183,2015,38112461.0,292431729.0
1521,177,250,183,2015,777334.0,176553164.0
1522,177,29,183,2015,14119.0,0.0
1523,177,59,183,2015,1155282258.0,1005852032.0
1524,177,124,183,2015,3232751.0,1634234.0
1525,177,131,183,2015,22261473.0,14274483.0
1526,177,168,183,2015,2593688.0,92438.0
1527,177,243,183,2015,285692.0,0.0
1528,177,2,183,2015,7060012.0,0.0
1529,177,25,183,2015,27113.0,0.0
1530,177,107,183,2015,8637883.0,37009.0
1531,177,110,183,2015,34625058.0,17633347.0
1532,177,115,183,2015,27780897.0,131536.0
1533,177,128,183,2015,1608423.0,155269.0
1534,177,183,183,2015,12123629.0,14590.0
1535,177,203,183,2015,0.0,2954.0
1536,177,212,183,2015,108084.0,0.0
1537,177,228,183,2015,293704496.0,219782033.0
1538,177,13,183,2015,86349.0,0.0
1539,177,14,183,2015,44707711.0,4212202.0
1540,177,54,183,2015,64922.0,0.0
1541,177,73,183,2015,623033.0,11924.0
1542,177,185,183,2015,345451525.0,197526833.0
1543,177,186,183,2015,530107553.0,20194897.0
1544,177,31,183,2015,1988526.0,0.0
1545,177,91,183,2015,0.0,4362.0
1546,177,145,183,2015,3300732.0,0.0
1547,177,226,183,2015,1204795.0,0.0
1548,177,44,183,2015,1033062.0,2133.0
1549,177,140,183,2015,3323078.0,2762929.0
1550,177,134,183,2015,50089924.0,3391535.0
1551,177,85,183,2015,32367.0,0.0
1552,177,239,183,2015,11938665.0,318577011.0
1553,177,22,183,2015,329536.0,1519.0
1554,177,159,183,2015,5967712.0,0.0
1555,177,142,183,2015,6675551.0,2241238.0
1556,177,237,183,2015,18773.0,0.0
1557,177,63,183,2015,4117.0,0.0
1558,177,72,183,2015,310557095.0,31079094.0
1559,177,19,183,2015,88067.0,0.0
1560,177,181,183,2015,29805.0,0.0
1561,177,234,183,2015,22850.0,0.0
1562,177,123,183,2015,9007.0,0.0
1563,177,143,183,2015,687004.0,12352.0
1564,177,191,183,2015,73594.0,5339.0
1565,177,120,183,2015,17347.0,18292.0
1566,177,16,183,2015,9888300.0,0.0
1567,177,80,183,2015,72368.0,0.0
1568,177,0,183,2015,17795.0,0.0
1569,177,10,183,2015,0.0,1234.0
1570,177,26,183,2015,8171872.0,721888.0
1571,177,28,183,2015,100030863.0,7452886.0
1572,177,68,183,2015,18342553.0,2103496.0
1573,177,82,183,2015,3182520.0,298905.0
1574,177,100,183,2015,32424522.0,16780218.0
1575,177,108,183,2015,10091662.0,0.0
1576,177,116,183,2015,1569886.0,5758.0
1577,177,117,183,2015,1430967.0,28341.0
1578,177,132,183,2015,315721462.0,51565534.0
1579,177,135,183,2015,7478397.0,24390.0
1580,177,147,183,2015,2493453.0,1390.0
1581,177,151,183,2015,617226.0,675760.0
1582,177,152,183,2015,51016.0,0.0
1583,177,164,183,2015,19524.0,0.0
1584,177,167,183,2015,3627160.0,25464.0
1585,177,187,183,2015,102617.0,0.0
1586,177,201,183,2015,50687382.0,21566739.0
1587,177,209,183,2015,0.0,106749.0
1588,177,217,183,2015,905377.0,0.0
1589,177,219,183,2015,1469785.0,0.0
1590,177,223,183,2015,30570442.0,100534715.0
1591,177,232,183,2015,1694421.0,19557.0
1592,177,38,183,2015,0.0,1648.0
1593,177,211,183,2015,62671.0,0.0
1594,177,227,183,2015,1305764.0,165242.0
1595,177,4,183,2015,1371883.0,126758.0
1596,177,144,183,2015,2447051.0,69936.0
1597,177,248,183,2015,553754.0,1439.0
1598,177,9,183,2015,2203520.0,114853.0
1599,177,66,183,2015,21689420.0,0.0
1600,177,17,183,2015,39806.0,0.0
1601,177,83,183,2015,360250.0,0.0
1602,177,46,183,2015,218301.0,110341.0
1603,177,139,183,2015,28459.0,0.0
1604,177,141,183,2015,9108.0,18928.0
1605,177,178,183,2015,707401.0,3779462.0
1606,177,148,183,2015,25941.0,0.0
1607,177,109,183,2015,10652052.0,194869.0
1608,177,136,183,2015,291872.0,0.0
1609,177,176,183,2015,42275.0,0.0
1610,177,34,183,2015,44789.0,0.0
1611,177,214,183,2015,21811.0,0.0
1612,177,87,183,2015,54666.0,0.0
1613,177,37,183,2015,117130.0,0.0
1614,177,45,183,2015,880789.0,4813.0
1615,177,47,183,2015,759086.0,0.0
1616,177,51,183,2015,19700.0,0.0
1617,177,84,183,2015,419808.0,0.0
1618,177,89,183,2015,27133.0,0.0
1619,177,92,183,2015,26217.0,0.0
1620,177,126,183,2015,1432823.0,0.0
1621,177,133,183,2015,148757.0,21572.0
1622,177,155,183,2015,210834.0,2826.0
1623,177,156,183,2015,552513.0,0.0
1624,177,157,183,2015,107692.0,4371.0
1625,177,196,183,2015,46550.0,57476.0
1626,177,215,183,2015,117393.0,18424.0
1627,177,229,183,2015,0.0,15264.0
1628,177,247,183,2015,119672.0,0.0
1629,177,5,183,2015,467311.0,0.0
1630,177,21,183,2015,773786.0,0.0
1631,177,62,183,2015,28966.0,42715.0
1632,177,199,183,2015,1153.0,0.0
1633,177,69,183,2015,0.0,5484.0
1634,177,101,183,2015,13154.0,0.0
1635,177,240,183,2015,135361.0,2905.0
1636,177,129,183,2015,0.0,3072.0
1637,177,182,183,2015,57276.0,0.0
1638,177,198,183,2015,95777.0,25031.0
1639,177,3,183,2015,0.0,7652.0
1640,177,78,183,2015,289219.0,0.0
1641,177,137,183,2015,24652.0,3606.0
1642,177,202,183,2015,27938.0,0.0
1643,177,12,183,2015,35688.0,0.0
1644,177,20,183,2015,12297.0,0.0
1645,177,210,183,2015,10525.0,0.0
1646,177,11,183,2015,71801.0,0.0
1647,177,1,121,2015,346437.0,0.0
1648,177,7,121,2015,8154598.0,4778.0
1649,177,8,121,2015,37570.0,2774277.0
1650,177,15,121,2015,14046445.0,12149087.0
1651,177,18,121,2015,4054905.0,8727990.0
1652,177,23,121,2015,21200904.0,13720264.0
1653,177,24,121,2015,113987.0,0.0
1654,177,32,121,2015,489855.0,80327.0
1655,177,33,121,2015,8051.0,0.0
1656,177,39,121,2015,10466911.0,840565.0
1657,177,41,121,2015,4101886.0,14480998.0
1658,177,42,121,2015,2531916.0,11624128.0
1659,177,43,121,2015,2203562.0,7475216.0
1660,177,49,121,2015,111903.0,77417.0
1661,177,52,121,2015,171006.0,0.0
1662,177,55,121,2015,87590.0,0.0
1663,177,58,121,2015,2080439.0,36081.0
1664,177,61,121,2015,73404295.0,186105065.0
1665,177,64,121,2015,4722365.0,3552872.0
1666,177,65,121,2015,33230.0,28168.0
1667,177,71,121,2015,3905900.0,28331641.0
1668,177,74,121,2015,1021550.0,18540952.0
1669,177,77,121,2015,101162457.0,50743202.0
1670,177,81,121,2015,49722965.0,89737087.0
1671,177,90,121,2015,3727414.0,2310536.0
1672,177,93,121,2015,3457.0,10564.0
1673,177,96,121,2015,857714.0,1864.0
1674,177,97,121,2015,4931643.0,6121.0
1675,177,99,121,2015,11039.0,0.0
1676,177,102,121,2015,37971488.0,47830571.0
1677,177,103,121,2015,34549.0,0.0
1678,177,104,121,2015,429653.0,29305.0
1679,177,106,121,2015,9301701.0,11262937.0
1680,177,111,121,2015,23104297.0,62121889.0
1681,177,112,121,2015,17954.0,122283.0
1682,177,113,121,2015,263388.0,0.0
1683,177,114,121,2015,1111707.0,242471.0
1684,177,118,121,2015,107008.0,0.0
1685,177,121,121,2015,412245.0,5283459.0
1686,177,122,121,2015,189307.0,0.0
1687,177,130,121,2015,34410633.0,10318435.0
1688,177,138,121,2015,2424186.0,1994545.0
1689,177,153,121,2015,251945.0,21573.0
1690,177,160,121,2015,1140.0,0.0
1691,177,162,121,2015,54985805.0,42098764.0
1692,177,163,121,2015,996572.0,166835.0
1693,177,166,121,2015,423246.0,798367.0
1694,177,169,121,2015,288886.0,7680.0
1695,177,173,121,2015,49766.0,25734.0
1696,177,174,121,2015,125539.0,976.0
1697,177,179,121,2015,1009853.0,17988428.0
1698,177,180,121,2015,148616.0,0.0
1699,177,188,121,2015,1575315.0,0.0
1700,177,192,121,2015,579217.0,0.0
1701,177,197,121,2015,2851.0,0.0
1702,177,205,121,2015,2408091.0,0.0
1703,177,206,121,2015,35267325.0,9842188.0
1704,177,207,121,2015,3702210.0,1867744.0
1705,177,208,121,2015,6017194.0,9268408.0
1706,177,216,121,2015,18310.0,182303.0
1707,177,222,121,2015,19134.0,85120.0
1708,177,224,121,2015,1501154.0,151203.0
1709,177,230,121,2015,146387.0,77954.0
1710,177,231,121,2015,72633813.0,58262738.0
1711,177,236,121,2015,58509.0,39888.0
1712,177,246,121,2015,581151.0,1185353.0
1713,177,249,121,2015,437296.0,779068.0
1714,177,250,121,2015,18801091.0,313725.0
1715,177,29,121,2015,33706.0,0.0
1716,177,59,121,2015,78121815.0,76445936.0
1717,177,124,121,2015,640877.0,8136.0
1718,177,131,121,2015,349942.0,39349.0
1719,177,168,121,2015,95738.0,0.0
1720,177,2,121,2015,407648.0,0.0
1721,177,25,121,2015,0.0,8985.0
1722,177,107,121,2015,46317.0,3819.0
1723,177,110,121,2015,23003336.0,743520.0
1724,177,115,121,2015,301558.0,0.0
1725,177,128,121,2015,320190.0,8864.0
1726,177,183,121,2015,194264.0,0.0
1727,177,212,121,2015,59230.0,0.0
1728,177,228,121,2015,6793196.0,13845196.0
1729,177,13,121,2015,5462.0,0.0
1730,177,14,121,2015,2324224.0,2304974.0
1731,177,54,121,2015,109552.0,14422.0
1732,177,73,121,2015,17238.0,0.0
1733,177,185,121,2015,18543384.0,1807824.0
1734,177,186,121,2015,7450092.0,1214893.0
1735,177,145,121,2015,664382.0,0.0
1736,177,226,121,2015,106670.0,0.0
1737,177,44,121,2015,296041.0,0.0
1738,177,140,121,2015,309972.0,206633.0
1739,177,134,121,2015,239549.0,9953.0
1740,177,239,121,2015,312387.0,35995.0
1741,177,22,121,2015,40103.0,8803.0
1742,177,159,121,2015,263026.0,0.0
1743,177,142,121,2015,1666809.0,43606.0
1744,177,72,121,2015,4384400.0,1029419.0
1745,177,19,121,2015,1839973.0,0.0
1746,177,181,121,2015,1053156.0,0.0
1747,177,191,121,2015,30619.0,0.0
1748,177,16,121,2015,1203213.0,68089.0
1749,177,80,121,2015,40150.0,0.0
1750,177,26,121,2015,1579245.0,32483.0
1751,177,28,121,2015,409722.0,321710.0
1752,177,68,121,2015,328700.0,0.0
1753,177,82,121,2015,1383243.0,3712500.0
1754,177,100,121,2015,2748770.0,746253.0
1755,177,108,121,2015,1214724.0,0.0
1756,177,116,121,2015,125318.0,0.0
1757,177,117,121,2015,112867.0,0.0
1758,177,132,121,2015,9145303.0,725062.0
1759,177,135,121,2015,213511.0,9105245.0
1760,177,151,121,2015,46869.0,1187.0
1761,177,152,121,2015,9620.0,0.0
1762,177,164,121,2015,26263.0,0.0
1763,177,167,121,2015,24880.0,0.0
1764,177,187,121,2015,15072.0,0.0
1765,177,201,121,2015,1150635.0,25423.0
1766,177,217,121,2015,246791.0,0.0
1767,177,223,121,2015,1297.0,16683.0
1768,177,232,121,2015,392524.0,0.0
1769,177,38,121,2015,21520.0,0.0
1770,177,211,121,2015,21728.0,0.0
1771,177,227,121,2015,32549.0,0.0
1772,177,4,121,2015,47729.0,39704.0
1773,177,144,121,2015,156306.0,109119.0
1774,177,9,121,2015,79801.0,383906.0
1775,177,66,121,2015,681172.0,0.0
1776,177,83,121,2015,53376.0,0.0
1777,177,46,121,2015,2032.0,0.0
1778,177,141,121,2015,74937.0,0.0
1779,177,148,121,2015,21057.0,0.0
1780,177,109,121,2015,161744.0,0.0
1781,177,136,121,2015,25606.0,0.0
1782,177,214,121,2015,108779.0,0.0
1783,177,45,121,2015,9594.0,0.0
1784,177,47,121,2015,9505.0,0.0
1785,177,51,121,2015,3913.0,0.0
1786,177,89,121,2015,34700.0,0.0
1787,177,92,121,2015,483.0,0.0
1788,177,125,121,2015,76223.0,0.0
1789,177,126,121,2015,757695.0,0.0
1790,177,155,121,2015,0.0,6613.0
1791,177,156,121,2015,1930.0,0.0
1792,177,157,121,2015,2690.0,12037.0
1793,177,196,121,2015,125723.0,0.0
1794,177,215,121,2015,80553.0,0.0
1795,177,5,121,2015,98181.0,0.0
1796,177,62,121,2015,40478.0,0.0
1797,177,182,121,2015,529.0,0.0
1798,177,48,121,2015,18257.0,0.0
1799,177,50,121,2015,49742.0,0.0
1800,177,137,121,2015,3774860.0,0.0
1801,177,202,121,2015,69062.0,0.0
1802,177,12,121,2015,68274.0,0.0
1803,177,210,121,2015,79906.0,0.0
1804,177,11,121,2015,15008.0,0.0
1805,177,7,127,2015,477630.0,108538.0
1806,177,8,127,2015,83075.0,0.0
1807,177,15,127,2015,11595448.0,17321886.0
1808,177,18,127,2015,24730498.0,45778315.0
1809,177,23,127,2015,1263501.0,231605.0
1810,177,24,127,2015,16002.0,0.0
1811,177,32,127,2015,3724931.0,3650530.0
1812,177,33,127,2015,3336.0,0.0
1813,177,39,127,2015,1651619.0,333694.0
1814,177,41,127,2015,2982199.0,2210581.0
1815,177,42,127,2015,189413.0,3697398.0
1816,177,43,127,2015,9414433.0,62272812.0
1817,177,49,127,2015,726585.0,1105695.0
1818,177,52,127,2015,531716.0,0.0
1819,177,58,127,2015,106811.0,413750.0
1820,177,61,127,2015,191255945.0,188555740.0
1821,177,64,127,2015,5896044.0,13788524.0
1822,177,65,127,2015,742199.0,0.0
1823,177,67,127,2015,472116.0,0.0
1824,177,71,127,2015,18930771.0,13370371.0
1825,177,74,127,2015,26259120.0,10975954.0
1826,177,77,127,2015,43691668.0,47135240.0
1827,177,81,127,2015,11542226.0,15024757.0
1828,177,90,127,2015,980488.0,709920.0
1829,177,93,127,2015,90220.0,0.0
1830,177,96,127,2015,9569.0,0.0
1831,177,97,127,2015,226953.0,67592.0
1832,177,99,127,2015,252147.0,0.0
1833,177,102,127,2015,19810375.0,38235098.0
1834,177,103,127,2015,1474107.0,118915.0
1835,177,104,127,2015,2593000.0,4955925.0
1836,177,106,127,2015,118167.0,2878210.0
1837,177,111,127,2015,28520603.0,53027659.0
1838,177,112,127,2015,195643.0,0.0
1839,177,113,127,2015,438766.0,149829.0
1840,177,114,127,2015,791239.0,11794030.0
1841,177,118,127,2015,0.0,34967.0
1842,177,121,127,2015,933319.0,2001518.0
1843,177,122,127,2015,113814.0,0.0
1844,177,130,127,2015,11407288.0,22511869.0
1845,177,138,127,2015,1462057.0,4266826.0
1846,177,153,127,2015,166600.0,245649.0
1847,177,162,127,2015,38443602.0,45534485.0
1848,177,163,127,2015,21099343.0,25782129.0
1849,177,166,127,2015,33117.0,0.0
1850,177,169,127,2015,150604.0,0.0
1851,177,173,127,2015,161520.0,1364936.0
1852,177,174,127,2015,529560.0,0.0
1853,177,179,127,2015,6426403.0,37079.0
1854,177,188,127,2015,656114.0,15457.0
1855,177,190,127,2015,204663.0,0.0
1856,177,192,127,2015,96229.0,27336.0
1857,177,197,127,2015,4019.0,0.0
1858,177,205,127,2015,22310.0,10274.0
1859,177,206,127,2015,62504491.0,23004366.0
1860,177,207,127,2015,8818955.0,4074633.0
1861,177,208,127,2015,44418292.0,28926778.0
1862,177,216,127,2015,3123957.0,803143.0
1863,177,222,127,2015,31413.0,0.0
1864,177,224,127,2015,7469695.0,14024439.0
1865,177,230,127,2015,12201.0,0.0
1866,177,231,127,2015,5115955.0,23225167.0
1867,177,246,127,2015,169225.0,390274.0
1868,177,249,127,2015,4204204.0,1259195.0
1869,177,250,127,2015,15759.0,3712836.0
1870,177,29,127,2015,56323.0,0.0
1871,177,59,127,2015,146042486.0,50869587.0
1872,177,124,127,2015,34021.0,0.0
1873,177,127,127,2015,41024.0,0.0
1874,177,131,127,2015,12725338.0,298688.0
1875,177,168,127,2015,53078.0,62973.0
1876,177,2,127,2015,974191.0,0.0
1877,177,110,127,2015,1193258.0,4306185.0
1878,177,115,127,2015,222588.0,33844399.0
1879,177,128,127,2015,21545.0,0.0
1880,177,183,127,2015,14158.0,95378.0
1881,177,228,127,2015,36185341.0,10680690.0
1882,177,14,127,2015,768037.0,7773663.0
1883,177,54,127,2015,56371.0,0.0
1884,177,73,127,2015,23715.0,0.0
1885,177,185,127,2015,20205351.0,8128222.0
1886,177,186,127,2015,11581197.0,190913873.0
1887,177,31,127,2015,0.0,1063535.0
1888,177,145,127,2015,10541.0,0.0
1889,177,226,127,2015,7828.0,0.0
1890,177,44,127,2015,28474.0,0.0
1891,177,140,127,2015,65089.0,18278.0
1892,177,134,127,2015,435209.0,11688458.0
1893,177,239,127,2015,409871.0,17409941.0
1894,177,22,127,2015,127734.0,0.0
1895,177,159,127,2015,43341.0,0.0
1896,177,142,127,2015,1450288.0,235471.0
1897,177,72,127,2015,3249939.0,84013.0
1898,177,191,127,2015,696962.0,1934193.0
1899,177,16,127,2015,95386.0,0.0
1900,177,80,127,2015,449562.0,0.0
1901,177,10,127,2015,0.0,10322.0
1902,177,26,127,2015,339335.0,10769077.0
1903,177,28,127,2015,6918470.0,210713.0
1904,177,68,127,2015,557580.0,331467.0
1905,177,82,127,2015,128916.0,34622.0
1906,177,100,127,2015,1551531.0,113058.0
1907,177,108,127,2015,3306.0,0.0
1908,177,116,127,2015,76370.0,0.0
1909,177,117,127,2015,12144.0,65501.0
1910,177,132,127,2015,2582498.0,112190.0
1911,177,135,127,2015,286670.0,0.0
1912,177,164,127,2015,0.0,6235.0
1913,177,167,127,2015,160245.0,927.0
1914,177,201,127,2015,3748195.0,639711.0
1915,177,217,127,2015,13350.0,0.0
1916,177,219,127,2015,43911.0,0.0
1917,177,223,127,2015,395849.0,0.0
1918,177,232,127,2015,64190.0,4941568.0
1919,177,4,127,2015,54483.0,0.0
1920,177,144,127,2015,57371.0,0.0
1921,177,9,127,2015,178951.0,0.0
1922,177,66,127,2015,2413443.0,1080215.0
1923,177,83,127,2015,312198.0,0.0
1924,177,46,127,2015,168115.0,0.0
1925,177,141,127,2015,6553.0,0.0
1926,177,109,127,2015,9072.0,0.0
1927,177,136,127,2015,61039.0,0.0
1928,177,87,127,2015,6139.0,0.0
1929,177,45,127,2015,172983.0,0.0
1930,177,47,127,2015,34935.0,0.0
1931,177,89,127,2015,19930.0,0.0
1932,177,126,127,2015,88277.0,0.0
1933,177,156,127,2015,26610.0,0.0
1934,177,196,127,2015,0.0,2746.0
1935,177,101,127,2015,26835.0,0.0
1936,177,182,127,2015,2204.0,0.0
1937,177,198,127,2015,0.0,4131.0
1938,177,7,128,2015,710947.0,530550.0
1939,177,8,128,2015,829095.0,358655.0
1940,177,15,128,2015,27818656.0,43032810.0
1941,177,18,128,2015,60830758.0,131279074.0
1942,177,23,128,2015,4081752.0,3596445.0
1943,177,24,128,2015,890.0,0.0
1944,177,32,128,2015,16811573.0,2713799.0
1945,177,39,128,2015,857458.0,983955.0
1946,177,41,128,2015,11870861.0,23836497.0
1947,177,42,128,2015,492288.0,0.0
1948,177,43,128,2015,33062038.0,204757330.0
1949,177,49,128,2015,7977667.0,219038.0
1950,177,52,128,2015,103745.0,14275.0
1951,177,58,128,2015,321186.0,1486.0
1952,177,61,128,2015,469433906.0,711903651.0
1953,177,64,128,2015,4775662.0,6343442.0
1954,177,65,128,2015,64576.0,0.0
1955,177,67,128,2015,33008.0,0.0
1956,177,71,128,2015,19724098.0,33687054.0
1957,177,74,128,2015,3318121.0,52798764.0
1958,177,77,128,2015,28317376.0,183532053.0
1959,177,81,128,2015,21792209.0,333528626.0
1960,177,90,128,2015,3114762.0,129362.0
1961,177,93,128,2015,368078.0,0.0
1962,177,97,128,2015,170238.0,62015.0
1963,177,99,128,2015,19444.0,0.0
1964,177,102,128,2015,22776997.0,81874750.0
1965,177,103,128,2015,874699.0,6859975.0
1966,177,104,128,2015,22747812.0,67311268.0
1967,177,106,128,2015,4429220.0,161284120.0
1968,177,111,128,2015,58069830.0,87683382.0
1969,177,112,128,2015,4798.0,0.0
1970,177,113,128,2015,121915.0,0.0
1971,177,114,128,2015,10737938.0,12205912.0
1972,177,118,128,2015,0.0,36970.0
1973,177,121,128,2015,10961672.0,30853423.0
1974,177,122,128,2015,94520.0,0.0
1975,177,130,128,2015,45960521.0,8633162.0
1976,177,138,128,2015,1282120.0,870254.0
1977,177,153,128,2015,269834.0,3682165.0
1978,177,160,128,2015,3496.0,0.0
1979,177,162,128,2015,42241921.0,277685917.0
1980,177,163,128,2015,7244320.0,26506139.0
1981,177,166,128,2015,264487.0,0.0
1982,177,173,128,2015,50173.0,0.0
1983,177,174,128,2015,24681.0,2028.0
1984,177,179,128,2015,12982547.0,210907.0
1985,177,180,128,2015,574.0,0.0
1986,177,188,128,2015,4410634.0,4597714.0
1987,177,192,128,2015,81222.0,51918103.0
1988,177,197,128,2015,15194.0,0.0
1989,177,206,128,2015,24852007.0,22793562.0
1990,177,207,128,2015,12414745.0,18396720.0
1991,177,208,128,2015,8088186.0,22484163.0
1992,177,216,128,2015,3542882.0,2418709.0
1993,177,222,128,2015,2764.0,0.0
1994,177,224,128,2015,9302811.0,896731.0
1995,177,230,128,2015,465731.0,0.0
1996,177,231,128,2015,23798307.0,39742464.0
1997,177,236,128,2015,0.0,17207424.0
1998,177,246,128,2015,1567850.0,1061648.0
1999,177,249,128,2015,27129319.0,8301173.0
2000,177,250,128,2015,2653.0,1574249.0
2001,177,29,128,2015,9844.0,0.0
2002,177,59,128,2015,136080808.0,130415726.0
2003,177,124,128,2015,56627.0,0.0
2004,177,131,128,2015,254157.0,458736.0
2005,177,168,128,2015,155355.0,0.0
2006,177,107,128,2015,755857.0,60694.0
2007,177,110,128,2015,1100946.0,7944680.0
2008,177,115,128,2015,549427.0,0.0
2009,177,128,128,2015,3273.0,0.0
2010,177,183,128,2015,71531.0,202374.0
2011,177,228,128,2015,22223833.0,9065523.0
2012,177,14,128,2015,5550606.0,209483.0
2013,177,73,128,2015,22921.0,0.0
2014,177,185,128,2015,20358601.0,6604128.0
2015,177,186,128,2015,29141722.0,145279932.0
2016,177,31,128,2015,5086.0,0.0
2017,177,145,128,2015,4478.0,0.0
2018,177,226,128,2015,1043.0,0.0
2019,177,44,128,2015,16695.0,0.0
2020,177,140,128,2015,138234.0,0.0
2021,177,134,128,2015,79326.0,0.0
2022,177,239,128,2015,1602772.0,88788.0
2023,177,22,128,2015,336685.0,0.0
2024,177,159,128,2015,272947.0,0.0
2025,177,142,128,2015,629159.0,502845.0
2026,177,72,128,2015,2161448.0,807114.0
2027,177,191,128,2015,57977.0,0.0
2028,177,16,128,2015,184995.0,8735810.0
2029,177,26,128,2015,599102.0,1339572.0
2030,177,28,128,2015,21035885.0,14223509.0
2031,177,68,128,2015,1277137.0,15541.0
2032,177,82,128,2015,399603.0,342871.0
2033,177,100,128,2015,4164272.0,114652.0
2034,177,108,128,2015,3823.0,0.0
2035,177,116,128,2015,213589.0,2859.0
2036,177,117,128,2015,151650.0,0.0
2037,177,132,128,2015,1625790.0,1562860.0
2038,177,135,128,2015,893348.0,0.0
2039,177,167,128,2015,2966941.0,492942.0
2040,177,201,128,2015,1813681.0,6903853.0
2041,177,209,128,2015,0.0,2121.0
2042,177,217,128,2015,13993.0,0.0
2043,177,219,128,2015,42655.0,0.0
2044,177,223,128,2015,435972.0,0.0
2045,177,232,128,2015,4144290.0,0.0
2046,177,4,128,2015,5907.0,0.0
2047,177,144,128,2015,26866.0,0.0
2048,177,9,128,2015,38927.0,0.0
2049,177,66,128,2015,4505679.0,0.0
2050,177,178,128,2015,0.0,115479.0
2051,177,109,128,2015,921645.0,3746.0
2052,177,136,128,2015,9622.0,0.0
2053,177,45,128,2015,11406.0,0.0
2054,177,47,128,2015,1822.0,0.0
2055,177,156,128,2015,776.0,0.0
2056,177,21,128,2015,36803.0,0.0
2057,177,62,128,2015,0.0,2729.0
2058,177,1,182,2015,1051028.0,0.0
2059,177,7,182,2015,67011510.0,7294024.0
2060,177,8,182,2015,39474771.0,2269452.0
2061,177,15,182,2015,301749267.0,613064781.0
2062,177,18,182,2015,471855787.0,509984983.0
2063,177,23,182,2015,80609673.0,38924326.0
2064,177,24,182,2015,1377154.0,94452.0
2065,177,32,182,2015,79661270.0,13029499.0
2066,177,33,182,2015,208920.0,0.0
2067,177,39,182,2015,497283613.0,99521061.0
2068,177,41,182,2015,179720805.0,352462393.0
2069,177,42,182,2015,22205042.0,105780.0
2070,177,43,182,2015,315553130.0,3002669621.0
2071,177,49,182,2015,10664636.0,194275.0
2072,177,52,182,2015,630867.0,955623.0
2073,177,58,182,2015,5689147.0,5294529.0
2074,177,61,182,2015,6249738607.0,8500078815.0
2075,177,64,182,2015,269506308.0,326581631.0
2076,177,65,182,2015,480281.0,159144.0
2077,177,67,182,2015,1852736.0,68175.0
2078,177,71,182,2015,705070724.0,515634359.0
2079,177,74,182,2015,161439154.0,179961336.0
2080,177,77,182,2015,1839115380.0,1026139292.0
2081,177,81,182,2015,1936341936.0,784346457.0
2082,177,90,182,2015,87390481.0,20712228.0
2083,177,93,182,2015,987072.0,179290.0
2084,177,96,182,2015,950647.0,0.0
2085,177,97,182,2015,30361762.0,30968923.0
2086,177,99,182,2015,103070.0,0.0
2087,177,102,182,2015,461167917.0,559489401.0
2088,177,103,182,2015,15355043.0,9966184.0
2089,177,104,182,2015,88086289.0,64992097.0
2090,177,106,182,2015,129114808.0,306706282.0
2091,177,111,182,2015,1381797883.0,2964569551.0
2092,177,112,182,2015,200018.0,119969.0
2093,177,113,182,2015,10754795.0,48492.0
2094,177,114,182,2015,219427335.0,406971273.0
2095,177,118,182,2015,154780.0,3149.0
2096,177,121,182,2015,115732633.0,387040148.0
2097,177,122,182,2015,5271653.0,179741.0
2098,177,130,182,2015,165667962.0,48556982.0
2099,177,138,182,2015,122404621.0,47786353.0
2100,177,153,182,2015,20818631.0,75800958.0
2101,177,160,182,2015,703656.0,8893.0
2102,177,162,182,2015,1241019532.0,2241394749.0
2103,177,163,182,2015,210315667.0,113132433.0
2104,177,166,182,2015,29488203.0,703251.0
2105,177,169,182,2015,2297086.0,1206.0
2106,177,173,182,2015,9750411.0,5906.0
2107,177,174,182,2015,31548489.0,29307151.0
2108,177,179,182,2015,90087442.0,64404115.0
2109,177,180,182,2015,293221.0,0.0
2110,177,188,182,2015,77866140.0,1833006.0
2111,177,190,182,2015,1592967.0,1119.0
2112,177,192,182,2015,38889241.0,44274009.0
2113,177,197,182,2015,114101.0,80922.0
2114,177,205,182,2015,416050.0,0.0
2115,177,206,182,2015,220620488.0,384621964.0
2116,177,207,182,2015,33280414.0,62140170.0
2117,177,208,182,2015,756253800.0,494811578.0
2118,177,216,182,2015,28583981.0,110152229.0
2119,177,222,182,2015,218256.0,0.0
2120,177,224,182,2015,692141710.0,261958412.0
2121,177,230,182,2015,1719240.0,2649.0
2122,177,231,182,2015,1165301903.0,593320733.0
2123,177,236,182,2015,2586338.0,9157.0
2124,177,246,182,2015,149354155.0,8321686.0
2125,177,249,182,2015,12049452.0,127188664.0
2126,177,250,182,2015,2558179.0,111708494.0
2127,177,29,182,2015,89498.0,0.0
2128,177,59,182,2015,1552533731.0,1001952254.0
2129,177,124,182,2015,7143917.0,97051.0
2130,177,131,182,2015,25823683.0,20677104.0
2131,177,168,182,2015,37642388.0,115327.0
2132,177,243,182,2015,676970.0,0.0
2133,177,2,182,2015,2726764.0,0.0
2134,177,25,182,2015,2976647.0,0.0
2135,177,107,182,2015,17427798.0,831524.0
2136,177,110,182,2015,54344022.0,40284922.0
2137,177,115,182,2015,78095263.0,1094781.0
2138,177,128,182,2015,3807601.0,102058.0
2139,177,183,182,2015,10474137.0,69381.0
2140,177,203,182,2015,0.0,259093.0
2141,177,212,182,2015,868443.0,9410.0
2142,177,228,182,2015,302942845.0,39842996.0
2143,177,13,182,2015,62433.0,5246.0
2144,177,14,182,2015,81842820.0,12046530.0
2145,177,54,182,2015,2897864.0,0.0
2146,177,73,182,2015,11367426.0,9309.0
2147,177,185,182,2015,270340236.0,209917114.0
2148,177,186,182,2015,1044137187.0,67270782.0
2149,177,31,182,2015,2172477.0,17015.0
2150,177,145,182,2015,3485332.0,0.0
2151,177,226,182,2015,1527114.0,0.0
2152,177,44,182,2015,1687142.0,0.0
2153,177,140,182,2015,6151095.0,504807.0
2154,177,134,182,2015,20231284.0,3285221.0
2155,177,85,182,2015,139907.0,1606.0
2156,177,239,182,2015,18999483.0,69596015.0
2157,177,22,182,2015,1725932.0,253458.0
2158,177,159,182,2015,8704326.0,5913.0
2159,177,142,182,2015,5756843.0,238910.0
2160,177,237,182,2015,346644.0,0.0
2161,177,72,182,2015,78198220.0,25892785.0
2162,177,19,182,2015,1012191.0,0.0
2163,177,181,182,2015,265148.0,0.0
2164,177,234,182,2015,4485.0,0.0
2165,177,123,182,2015,2370.0,17089.0
2166,177,143,182,2015,1560122.0,0.0
2167,177,191,182,2015,2795078.0,19727.0
2168,177,120,182,2015,52378.0,0.0
2169,177,16,182,2015,23597538.0,1165.0
2170,177,80,182,2015,180206.0,10468.0
2171,177,0,182,2015,1290.0,0.0
2172,177,10,182,2015,0.0,88901.0
2173,177,26,182,2015,13282603.0,2351368.0
2174,177,28,182,2015,254957944.0,12297088.0
2175,177,68,182,2015,22147616.0,522345.0
2176,177,82,182,2015,9156069.0,181841.0
2177,177,100,182,2015,36199681.0,15427376.0
2178,177,108,182,2015,40097619.0,1716.0
2179,177,116,182,2015,10172870.0,48489.0
2180,177,117,182,2015,3927344.0,38252.0
2181,177,132,182,2015,130886815.0,12566163.0
2182,177,135,182,2015,24329745.0,242888.0
2183,177,147,182,2015,2051198.0,0.0
2184,177,151,182,2015,2385968.0,32286.0
2185,177,152,182,2015,121494.0,1700.0
2186,177,164,182,2015,138797.0,3974.0
2187,177,167,182,2015,12865980.0,9554.0
2188,177,187,182,2015,28227.0,0.0
2189,177,201,182,2015,168800212.0,14360045.0
2190,177,209,182,2015,0.0,13946.0
2191,177,217,182,2015,1055772.0,0.0
2192,177,219,182,2015,10241221.0,0.0
2193,177,223,182,2015,13620657.0,10224391.0
2194,177,232,182,2015,15647570.0,0.0
2195,177,211,182,2015,274966.0,0.0
2196,177,227,182,2015,1084654.0,65045.0
2197,177,4,182,2015,3014181.0,49303.0
2198,177,144,182,2015,2044972.0,70298.0
2199,177,248,182,2015,249311.0,6948.0
2200,177,9,182,2015,2418533.0,53381.0
2201,177,66,182,2015,34736020.0,0.0
2202,177,17,182,2015,127944.0,0.0
2203,177,83,182,2015,3509116.0,0.0
2204,177,46,182,2015,542083.0,10372.0
2205,177,139,182,2015,84718.0,0.0
2206,177,141,182,2015,206730.0,0.0
2207,177,178,182,2015,109835.0,851896.0
2208,177,148,182,2015,55404.0,0.0
2209,177,109,182,2015,5266085.0,1733991.0
2210,177,136,182,2015,155338.0,0.0
2211,177,176,182,2015,2368.0,0.0
2212,177,34,182,2015,264204.0,0.0
2213,177,87,182,2015,16980.0,0.0
2214,177,37,182,2015,334292.0,0.0
2215,177,45,182,2015,907711.0,97227.0
2216,177,47,182,2015,26953784.0,2285.0
2217,177,51,182,2015,594.0,0.0
2218,177,84,182,2015,261431.0,1164.0
2219,177,89,182,2015,250745.0,0.0
2220,177,92,182,2015,55189.0,0.0
2221,177,125,182,2015,327670.0,0.0
2222,177,126,182,2015,2991864.0,267600.0
2223,177,133,182,2015,105425.0,0.0
2224,177,155,182,2015,297491.0,40497.0
2225,177,156,182,2015,130053.0,0.0
2226,177,157,182,2015,84644.0,0.0
2227,177,196,182,2015,318835.0,117149.0
2228,177,215,182,2015,1770856.0,5242.0
2229,177,229,182,2015,0.0,7460.0
2230,177,247,182,2015,464186.0,0.0
2231,177,5,182,2015,8133.0,0.0
2232,177,35,182,2015,0.0,8854.0
2233,177,57,182,2015,107824.0,0.0
2234,177,21,182,2015,733487.0,0.0
2235,177,62,182,2015,588227.0,37762.0
2236,177,199,182,2015,16605.0,0.0
2237,177,69,182,2015,379800.0,59764.0
2238,177,101,182,2015,368498.0,0.0
2239,177,240,182,2015,56838.0,0.0
2240,177,129,182,2015,14917.0,0.0
2241,177,182,182,2015,68393.0,0.0
2242,177,88,182,2015,594160.0,0.0
2243,177,198,182,2015,74771.0,847169.0
2244,177,48,182,2015,0.0,1383.0
2245,177,78,182,2015,58647.0,155657.0
2246,177,202,182,2015,11070.0,0.0
2247,177,12,182,2015,117643.0,0.0
2248,177,20,182,2015,1598.0,0.0
2249,177,210,182,2015,13246.0,0.0
2250,177,11,182,2015,24154.0,1880.0
2251,177,1,192,2015,16143.0,0.0
2252,177,7,192,2015,29234852.0,142124.0
2253,177,8,192,2015,3815750.0,164379.0
2254,177,15,192,2015,221502887.0,94518990.0
2255,177,18,192,2015,230950639.0,20935656.0
2256,177,23,192,2015,29917299.0,25770359.0
2257,177,24,192,2015,1300378.0,31725.0
2258,177,32,192,2015,9615083.0,530207.0
2259,177,39,192,2015,60301857.0,809704.0
2260,177,41,192,2015,171058563.0,7214968.0
2261,177,42,192,2015,908529.0,31965.0
2262,177,43,192,2015,124294227.0,914371987.0
2263,177,49,192,2015,264695.0,779.0
2264,177,52,192,2015,37593.0,0.0
2265,177,55,192,2015,139889.0,0.0
2266,177,58,192,2015,3676978.0,9364.0
2267,177,61,192,2015,3884089701.0,731362737.0
2268,177,64,192,2015,208373223.0,52952581.0
2269,177,65,192,2015,658843.0,1749.0
2270,177,67,192,2015,128671.0,71451.0
2271,177,71,192,2015,286753617.0,37116005.0
2272,177,74,192,2015,49856877.0,5215420.0
2273,177,77,192,2015,657004453.0,102814294.0
2274,177,81,192,2015,835459105.0,35834238.0
2275,177,90,192,2015,13917329.0,222697.0
2276,177,93,192,2015,47945.0,0.0
2277,177,96,192,2015,6946.0,0.0
2278,177,97,192,2015,4748647.0,2152341.0
2279,177,99,192,2015,424.0,0.0
2280,177,102,192,2015,192094065.0,88592069.0
2281,177,103,192,2015,2711066.0,4089459.0
2282,177,104,192,2015,5404362.0,9370751.0
2283,177,106,192,2015,34054838.0,1466315.0
2284,177,111,192,2015,260577820.0,162629478.0
2285,177,112,192,2015,1192.0,0.0
2286,177,113,192,2015,1523732.0,0.0
2287,177,114,192,2015,20120053.0,4774603.0
2288,177,118,192,2015,425058.0,2000.0
2289,177,121,192,2015,4889802.0,27033773.0
2290,177,122,192,2015,8217505.0,0.0
2291,177,130,192,2015,68190293.0,61959245.0
2292,177,138,192,2015,18877198.0,4057523.0
2293,177,153,192,2015,2677203.0,21409896.0
2294,177,160,192,2015,4471.0,0.0
2295,177,162,192,2015,542366758.0,86688544.0
2296,177,163,192,2015,180221849.0,5048835.0
2297,177,166,192,2015,2355147.0,47972.0
2298,177,169,192,2015,339975.0,0.0
2299,177,173,192,2015,920839.0,1598.0
2300,177,174,192,2015,674775.0,436247.0
2301,177,179,192,2015,95367510.0,5516983.0
2302,177,180,192,2015,13300.0,0.0
2303,177,188,192,2015,34353949.0,0.0
2304,177,190,192,2015,91314.0,0.0
2305,177,192,192,2015,4004043.0,534790.0
2306,177,197,192,2015,11231.0,6940.0
2307,177,205,192,2015,18612.0,0.0
2308,177,206,192,2015,249192788.0,100140667.0
2309,177,207,192,2015,30510377.0,11802850.0
2310,177,208,192,2015,411137375.0,64517723.0
2311,177,216,192,2015,1372892.0,7286202.0
2312,177,222,192,2015,228831.0,0.0
2313,177,224,192,2015,40692222.0,13219840.0
2314,177,230,192,2015,104831.0,4130064.0
2315,177,231,192,2015,377398542.0,20610756.0
2316,177,236,192,2015,60557.0,0.0
2317,177,246,192,2015,16769912.0,6369148.0
2318,177,249,192,2015,2042773.0,11150496.0
2319,177,250,192,2015,416095.0,6862375.0
2320,177,29,192,2015,56750.0,0.0
2321,177,59,192,2015,624818209.0,191829831.0
2322,177,124,192,2015,930529.0,99088.0
2323,177,131,192,2015,5589910.0,7293472.0
2324,177,168,192,2015,1146815.0,89988.0
2325,177,2,192,2015,1244923.0,0.0
2326,177,25,192,2015,983468.0,0.0
2327,177,107,192,2015,531176.0,42605.0
2328,177,110,192,2015,24836124.0,1992476.0
2329,177,115,192,2015,8428801.0,9307.0
2330,177,128,192,2015,30694.0,5111.0
2331,177,183,192,2015,4548599.0,0.0
2332,177,212,192,2015,221470.0,0.0
2333,177,228,192,2015,26357173.0,61075040.0
2334,177,13,192,2015,11141.0,461434.0
2335,177,14,192,2015,29945308.0,143186.0
2336,177,54,192,2015,12200.0,0.0
2337,177,73,192,2015,441438.0,31381.0
2338,177,185,192,2015,115208059.0,44599079.0
2339,177,186,192,2015,171159767.0,8754709.0
2340,177,31,192,2015,73938.0,0.0
2341,177,145,192,2015,2990773.0,0.0
2342,177,226,192,2015,394054.0,0.0
2343,177,44,192,2015,1099684.0,0.0
2344,177,140,192,2015,1891958.0,148251.0
2345,177,134,192,2015,6635064.0,34659.0
2346,177,85,192,2015,327329.0,0.0
2347,177,239,192,2015,671648.0,21962944.0
2348,177,22,192,2015,693.0,326754.0
2349,177,159,192,2015,1072484.0,0.0
2350,177,142,192,2015,1372485.0,5283.0
2351,177,237,192,2015,5404.0,222929.0
2352,177,72,192,2015,21119844.0,5685288.0
2353,177,19,192,2015,152239.0,0.0
2354,177,181,192,2015,135292.0,5154.0
2355,177,143,192,2015,45083.0,9519.0
2356,177,191,192,2015,211341.0,0.0
2357,177,16,192,2015,16852646.0,443999.0
2358,177,80,192,2015,48941.0,0.0
2359,177,0,192,2015,34575.0,0.0
2360,177,26,192,2015,17162971.0,3361109.0
2361,177,28,192,2015,23201093.0,8695824.0
2362,177,68,192,2015,5306286.0,518162.0
2363,177,82,192,2015,2482363.0,238698.0
2364,177,100,192,2015,36192647.0,6240944.0
2365,177,108,192,2015,4399886.0,0.0
2366,177,116,192,2015,3296999.0,0.0
2367,177,117,192,2015,883529.0,0.0
2368,177,132,192,2015,37054572.0,5199475.0
2369,177,135,192,2015,3448140.0,13262536.0
2370,177,147,192,2015,19017.0,0.0
2371,177,151,192,2015,244053.0,0.0
2372,177,164,192,2015,17751.0,21947.0
2373,177,167,192,2015,976539.0,0.0
2374,177,187,192,2015,47602.0,0.0
2375,177,201,192,2015,21261685.0,13805808.0
2376,177,217,192,2015,87725.0,0.0
2377,177,219,192,2015,1531463.0,0.0
2378,177,223,192,2015,2285571.0,75014.0
2379,177,232,192,2015,288551.0,0.0
2380,177,211,192,2015,53154.0,12075.0
2381,177,227,192,2015,88649.0,0.0
2382,177,4,192,2015,1070849.0,0.0
2383,177,144,192,2015,2164323.0,39572.0
2384,177,248,192,2015,3902.0,0.0
2385,177,9,192,2015,1005402.0,0.0
2386,177,66,192,2015,3071051.0,0.0
2387,177,83,192,2015,488227.0,0.0
2388,177,46,192,2015,32562.0,0.0
2389,177,141,192,2015,116524.0,2699.0
2390,177,178,192,2015,7046.0,0.0
2391,177,148,192,2015,2881.0,0.0
2392,177,109,192,2015,2780578.0,3460.0
2393,177,136,192,2015,106983.0,0.0
2394,177,34,192,2015,33263.0,0.0
2395,177,214,192,2015,1154368.0,0.0
2396,177,87,192,2015,60243.0,0.0
2397,177,45,192,2015,171722.0,0.0
2398,177,47,192,2015,305301.0,0.0
2399,177,51,192,2015,1509.0,0.0
2400,177,84,192,2015,6833.0,0.0
2401,177,89,192,2015,37033.0,0.0
2402,177,92,192,2015,58244.0,0.0
2403,177,126,192,2015,297427.0,0.0
2404,177,133,192,2015,94904.0,55499.0
2405,177,155,192,2015,871220.0,926.0
2406,177,156,192,2015,204657.0,0.0
2407,177,157,192,2015,102863.0,0.0
2408,177,196,192,2015,0.0,2076.0
2409,177,215,192,2015,681266.0,0.0
2410,177,5,192,2015,101544.0,0.0
2411,177,21,192,2015,226799.0,0.0
2412,177,62,192,2015,383648.0,0.0
2413,177,101,192,2015,309048.0,0.0
2414,177,240,192,2015,0.0,17822.0
2415,177,182,192,2015,20407.0,0.0
2416,177,198,192,2015,0.0,101836.0
2417,177,78,192,2015,13971.0,0.0
2418,177,137,192,2015,12262.0,0.0
2419,177,95,192,2015,5930.0,0.0
2420,177,12,192,2015,48339.0,0.0
2421,177,210,192,2015,75776.0,0.0
2422,177,11,192,2015,3079.0,0.0
2423,177,1,106,2015,30210.0,0.0
2424,177,7,106,2015,999713.0,4915.0
2425,177,8,106,2015,91075.0,655177.0
2426,177,15,106,2015,11839724.0,3145114.0
2427,177,18,106,2015,35634560.0,18440281.0
2428,177,23,106,2015,10219114.0,2607487.0
2429,177,24,106,2015,105596.0,0.0
2430,177,32,106,2015,1054509.0,67102.0
2431,177,39,106,2015,3572169.0,2359993.0
2432,177,41,106,2015,3693601.0,82491.0
2433,177,42,106,2015,90440.0,730013.0
2434,177,43,106,2015,573206.0,13660599.0
2435,177,49,106,2015,284794.0,21481.0
2436,177,52,106,2015,25360.0,15679.0
2437,177,58,106,2015,3613265.0,1331899.0
2438,177,61,106,2015,217582638.0,73107886.0
2439,177,64,106,2015,19409170.0,1042596.0
2440,177,65,106,2015,2171.0,1690.0
2441,177,71,106,2015,14115313.0,204339715.0
2442,177,74,106,2015,5820105.0,0.0
2443,177,77,106,2015,74334587.0,38364208.0
2444,177,81,106,2015,136712245.0,6861251.0
2445,177,90,106,2015,15194330.0,3769412.0
2446,177,93,106,2015,0.0,25306.0
2447,177,97,106,2015,22256.0,9353.0
2448,177,99,106,2015,0.0,51859.0
2449,177,102,106,2015,13579791.0,14863769.0
2450,177,104,106,2015,230497.0,3444198.0
2451,177,106,106,2015,3766037.0,0.0
2452,177,111,106,2015,43803342.0,57521858.0
2453,177,113,106,2015,207616.0,0.0
2454,177,114,106,2015,612722.0,0.0
2455,177,121,106,2015,30120.0,78929.0
2456,177,122,106,2015,362005.0,0.0
2457,177,130,106,2015,34580969.0,5255666.0
2458,177,138,106,2015,182442.0,51212.0
2459,177,153,106,2015,64988.0,0.0
2460,177,162,106,2015,48108991.0,153177966.0
2461,177,163,106,2015,10107153.0,19421.0
2462,177,166,106,2015,122629.0,17313.0
2463,177,169,106,2015,0.0,1965.0
2464,177,173,106,2015,0.0,255042.0
2465,177,174,106,2015,0.0,10205.0
2466,177,179,106,2015,1580587.0,11824171.0
2467,177,188,106,2015,5301172.0,1833.0
2468,177,197,106,2015,13871.0,0.0
2469,177,206,106,2015,25606365.0,1048829.0
2470,177,207,106,2015,2224544.0,61796.0
2471,177,208,106,2015,21741279.0,162109.0
2472,177,216,106,2015,24074.0,299324.0
2473,177,224,106,2015,415061.0,8056333.0
2474,177,230,106,2015,27404.0,0.0
2475,177,231,106,2015,12541811.0,1989029.0
2476,177,246,106,2015,1851446.0,86766.0
2477,177,249,106,2015,148992.0,18367.0
2478,177,250,106,2015,14659.0,99523.0
2479,177,59,106,2015,60140241.0,6866141.0
2480,177,124,106,2015,23537.0,0.0
2481,177,131,106,2015,432321.0,0.0
2482,177,168,106,2015,15872.0,1344.0
2483,177,107,106,2015,0.0,1393.0
2484,177,110,106,2015,1055494.0,5341668.0
2485,177,115,106,2015,4013084.0,27979.0
2486,177,128,106,2015,1272.0,0.0
2487,177,183,106,2015,178195.0,0.0
2488,177,212,106,2015,0.0,8929.0
2489,177,228,106,2015,11273465.0,4931690.0
2490,177,14,106,2015,302301.0,2097.0
2491,177,73,106,2015,0.0,38544.0
2492,177,185,106,2015,21915876.0,1378470.0
2493,177,186,106,2015,1361343.0,4598557.0
2494,177,31,106,2015,5557.0,0.0
2495,177,145,106,2015,56722.0,0.0
2496,177,44,106,2015,1267.0,0.0
2497,177,140,106,2015,142105.0,2483543.0
2498,177,134,106,2015,116045.0,15215972.0
2499,177,239,106,2015,0.0,156099.0
2500,177,159,106,2015,53647.0,0.0
2501,177,142,106,2015,14886.0,19677.0
2502,177,72,106,2015,6124731.0,9221.0
2503,177,19,106,2015,17368.0,0.0
2504,177,181,106,2015,15264.0,954.0
2505,177,143,106,2015,0.0,250725.0
2506,177,191,106,2015,0.0,484908.0
2507,177,16,106,2015,727349.0,0.0
2508,177,26,106,2015,579809.0,17787.0
2509,177,28,106,2015,53059168.0,2512301.0
2510,177,68,106,2015,1580637.0,2495607.0
2511,177,82,106,2015,56780.0,447930.0
2512,177,100,106,2015,8543386.0,122540.0
2513,177,108,106,2015,37133.0,0.0
2514,177,116,106,2015,0.0,90511.0
2515,177,117,106,2015,13119.0,329278.0
2516,177,132,106,2015,27204329.0,609038.0
2517,177,135,106,2015,1349888.0,23729.0
2518,177,147,106,2015,0.0,5542.0
2519,177,151,106,2015,14027.0,0.0
2520,177,152,106,2015,0.0,6506.0
2521,177,167,106,2015,191468.0,3773.0
2522,177,201,106,2015,5188133.0,1166717.0
2523,177,219,106,2015,58264.0,0.0
2524,177,223,106,2015,194915.0,52269.0
2525,177,232,106,2015,103354.0,48482.0
2526,177,227,106,2015,0.0,18698.0
2527,177,4,106,2015,13093.0,68831.0
2528,177,144,106,2015,105279.0,56813.0
2529,177,248,106,2015,0.0,46058.0
2530,177,9,106,2015,148701.0,36410.0
2531,177,66,106,2015,87660.0,0.0
2532,177,83,106,2015,0.0,628.0
2533,177,46,106,2015,7178.0,0.0
2534,177,141,106,2015,23833.0,5403.0
2535,177,109,106,2015,56749.0,5578.0
2536,177,136,106,2015,0.0,25028.0
2537,177,87,106,2015,9550.0,0.0
2538,177,47,106,2015,16365.0,0.0
2539,177,92,106,2015,3326.0,0.0
2540,177,126,106,2015,30483.0,0.0
2541,177,155,106,2015,0.0,70955.0
2542,177,156,106,2015,6753.0,0.0
2543,177,215,106,2015,8533.0,0.0
2544,177,129,106,2015,0.0,11153.0
2545,177,11,106,2015,3309.0,0.0
2546,177,7,161,2015,2758373.0,231271.0
2547,177,8,161,2015,77216.0,0.0
2548,177,15,161,2015,87890624.0,59164612.0
2549,177,18,161,2015,40835448.0,15262030.0
2550,177,23,161,2015,11297358.0,17834412.0
2551,177,24,161,2015,110704.0,0.0
2552,177,32,161,2015,601684.0,211868.0
2553,177,39,161,2015,5492095.0,552643.0
2554,177,41,161,2015,18720347.0,2043466.0
2555,177,42,161,2015,203799.0,3594.0
2556,177,43,161,2015,9296854.0,582384755.0
2557,177,49,161,2015,69076.0,66220.0
2558,177,52,161,2015,7020.0,159481.0
2559,177,58,161,2015,11303092.0,0.0
2560,177,61,161,2015,1113608734.0,389751661.0
2561,177,64,161,2015,17156351.0,19155342.0
2562,177,65,161,2015,2755.0,476575.0
2563,177,67,161,2015,2201.0,0.0
2564,177,71,161,2015,11719800.0,242061359.0
2565,177,74,161,2015,30706380.0,1941080.0
2566,177,77,161,2015,47691193.0,98024392.0
2567,177,81,161,2015,54308630.0,62816414.0
2568,177,90,161,2015,1044545.0,409961.0
2569,177,93,161,2015,1894.0,65884.0
2570,177,96,161,2015,3119.0,0.0
2571,177,97,161,2015,6561533.0,1420543.0
2572,177,99,161,2015,0.0,4015.0
2573,177,102,161,2015,41666852.0,5701525.0
2574,177,103,161,2015,83186.0,23576776.0
2575,177,104,161,2015,163804.0,46852556.0
2576,177,106,161,2015,5743132.0,2025172.0
2577,177,111,161,2015,62464701.0,104707785.0
2578,177,113,161,2015,80748.0,20062.0
2579,177,114,161,2015,7276700.0,243138.0
2580,177,118,161,2015,51922.0,28535598.0
2581,177,121,161,2015,2265389.0,247286.0
2582,177,122,161,2015,1257337.0,0.0
2583,177,130,161,2015,21129164.0,2842217.0
2584,177,138,161,2015,548456.0,282562.0
2585,177,153,161,2015,236165.0,1167069.0
2586,177,160,161,2015,0.0,14007.0
2587,177,162,161,2015,174590226.0,119307157.0
2588,177,163,161,2015,13309352.0,332368.0
2589,177,166,161,2015,305762.0,7570.0
2590,177,169,161,2015,89870.0,0.0
2591,177,173,161,2015,20783.0,5683.0
2592,177,174,161,2015,196908.0,577504.0
2593,177,179,161,2015,508713.0,6594524.0
2594,177,188,161,2015,447986.0,0.0
2595,177,190,161,2015,1507.0,0.0
2596,177,192,161,2015,1055704.0,26307.0
2597,177,197,161,2015,3925.0,6165.0
2598,177,205,161,2015,0.0,5264.0
2599,177,206,161,2015,44314292.0,131961125.0
2600,177,207,161,2015,4089246.0,1630272.0
2601,177,208,161,2015,74898628.0,35801555.0
2602,177,216,161,2015,560040.0,1084463.0
2603,177,222,161,2015,650.0,0.0
2604,177,224,161,2015,4006993.0,144433913.0
2605,177,230,161,2015,5314.0,0.0
2606,177,231,161,2015,24865602.0,1234018.0
2607,177,236,161,2015,16160.0,0.0
2608,177,246,161,2015,415810.0,0.0
2609,177,249,161,2015,1119204.0,439343.0
2610,177,250,161,2015,578282.0,2095453.0
2611,177,29,161,2015,1785.0,0.0
2612,177,59,161,2015,93257301.0,79193334.0
2613,177,124,161,2015,1085385.0,32481.0
2614,177,131,161,2015,827995.0,2836319.0
2615,177,168,161,2015,9854.0,44612742.0
2616,177,2,161,2015,44717.0,0.0
2617,177,107,161,2015,19860.0,0.0
2618,177,110,161,2015,911693.0,135704.0
2619,177,115,161,2015,1753399.0,0.0
2620,177,128,161,2015,7775.0,5667125.0
2621,177,183,161,2015,421990.0,1194.0
2622,177,212,161,2015,258768.0,166023.0
2623,177,228,161,2015,31706609.0,21195161.0
2624,177,14,161,2015,1579855.0,79074.0
2625,177,54,161,2015,1895.0,0.0
2626,177,73,161,2015,4957.0,57089.0
2627,177,185,161,2015,51399080.0,10706065.0
2628,177,186,161,2015,39522289.0,6127148.0
2629,177,145,161,2015,133184.0,0.0
2630,177,226,161,2015,38225.0,0.0
2631,177,44,161,2015,9405.0,0.0
2632,177,140,161,2015,248077.0,4873454.0
2633,177,134,161,2015,147474.0,34106019.0
2634,177,85,161,2015,4899.0,0.0
2635,177,239,161,2015,271582.0,48882562.0
2636,177,22,161,2015,0.0,249321040.0
2637,177,159,161,2015,33771.0,0.0
2638,177,142,161,2015,786365.0,266397.0
2639,177,237,161,2015,31451.0,0.0
2640,177,72,161,2015,14035468.0,171439.0
2641,177,123,161,2015,0.0,368127.0
2642,177,143,161,2015,0.0,8865070.0
2643,177,191,161,2015,3058.0,3350.0
2644,177,16,161,2015,236479.0,0.0
2645,177,80,161,2015,1599.0,0.0
2646,177,26,161,2015,1060604.0,5757664.0
2647,177,28,161,2015,4550404.0,1467420.0
2648,177,68,161,2015,1221709.0,4086592.0
2649,177,82,161,2015,254890.0,51103.0
2650,177,100,161,2015,6630481.0,8071027.0
2651,177,108,161,2015,190403.0,0.0
2652,177,116,161,2015,6136.0,298455.0
2653,177,117,161,2015,340683.0,0.0
2654,177,132,161,2015,14429507.0,1330927.0
2655,177,135,161,2015,333865.0,3200468.0
2656,177,151,161,2015,7989.0,2578364.0
2657,177,164,161,2015,551.0,37739.0
2658,177,167,161,2015,114068.0,3247.0
2659,177,201,161,2015,927928.0,785068.0
2660,177,217,161,2015,573697.0,0.0
2661,177,219,161,2015,38616.0,343218.0
2662,177,223,161,2015,244555.0,15942093.0
2663,177,232,161,2015,38204.0,0.0
2664,177,211,161,2015,6875.0,0.0
2665,177,4,161,2015,48581.0,2341872.0
2666,177,144,161,2015,184096.0,11655.0
2667,177,9,161,2015,239901.0,669530.0
2668,177,66,161,2015,56114.0,1336.0
2669,177,148,161,2015,3882.0,7236.0
2670,177,109,161,2015,783949.0,3586.0
2671,177,136,161,2015,0.0,1605174.0
2672,177,45,161,2015,0.0,1100.0
2673,177,47,161,2015,14315.0,0.0
2674,177,84,161,2015,1340.0,0.0
2675,177,92,161,2015,59100.0,0.0
2676,177,126,161,2015,97641.0,0.0
2677,177,133,161,2015,44612.0,231496.0
2678,177,155,161,2015,2217.0,8511.0
2679,177,156,161,2015,15356.0,0.0
2680,177,215,161,2015,0.0,958.0
2681,177,247,161,2015,8422.0,0.0
2682,177,5,161,2015,24715.0,0.0
2683,177,62,161,2015,16042.0,0.0
2684,177,240,161,2015,2018.0,0.0
2685,177,182,161,2015,823.0,0.0
2686,177,198,161,2015,2799107.0,1390447.0
2687,177,78,161,2015,6915.0,0.0
2688,177,137,161,2015,3480.0,0.0
2689,177,12,161,2015,2593.0,0.0
2690,177,20,161,2015,1536.0,0.0
2691,177,7,163,2015,1088330.0,16395.0
2692,177,8,163,2015,1032.0,0.0
2693,177,15,163,2015,31251458.0,15542489.0
2694,177,18,163,2015,4105277.0,19700833.0
2695,177,23,163,2015,5196133.0,995260.0
2696,177,24,163,2015,9373.0,0.0
2697,177,32,163,2015,48094.0,4520980.0
2698,177,39,163,2015,824448.0,45722.0
2699,177,41,163,2015,4196268.0,810369.0
2700,177,42,163,2015,20406.0,0.0
2701,177,43,163,2015,634698.0,316493996.0
2702,177,49,163,2015,87102.0,0.0
2703,177,58,163,2015,1659756.0,168965.0
2704,177,61,163,2015,322512141.0,446658468.0
2705,177,64,163,2015,12673335.0,12226175.0
2706,177,65,163,2015,0.0,478558.0
2707,177,71,163,2015,3328668.0,64977140.0
2708,177,74,163,2015,8116857.0,349452.0
2709,177,77,163,2015,14380731.0,74441022.0
2710,177,81,163,2015,23338538.0,52075299.0
2711,177,90,163,2015,1033663.0,62609.0
2712,177,97,163,2015,3074221.0,1097994.0
2713,177,102,163,2015,36522371.0,5088428.0
2714,177,103,163,2015,3855.0,16726630.0
2715,177,104,163,2015,500133.0,47821814.0
2716,177,106,163,2015,836610.0,494328.0
2717,177,111,163,2015,26119480.0,103368626.0
2718,177,113,163,2015,19145.0,0.0
2719,177,114,163,2015,624823.0,30293.0
2720,177,118,163,2015,17942.0,7984802.0
2721,177,121,163,2015,189930.0,185894.0
2722,177,122,163,2015,192028.0,0.0
2723,177,130,163,2015,46195864.0,1336746.0
2724,177,138,163,2015,0.0,69694.0
2725,177,153,163,2015,72053.0,513928.0
2726,177,160,163,2015,0.0,1769.0
2727,177,162,163,2015,34560711.0,75182512.0
2728,177,163,163,2015,1878772.0,8893.0
2729,177,166,163,2015,90515.0,114889.0
2730,177,169,163,2015,0.0,18876.0
2731,177,173,163,2015,66550.0,24741.0
2732,177,174,163,2015,133673.0,1729.0
2733,177,179,163,2015,1158014.0,11225345.0
2734,177,188,163,2015,242908.0,4323.0
2735,177,192,163,2015,77333.0,319247.0
2736,177,206,163,2015,46440474.0,120490382.0
2737,177,207,163,2015,5602067.0,3914436.0
2738,177,208,163,2015,16926418.0,7674065.0
2739,177,216,163,2015,12619.0,1918437.0
2740,177,224,163,2015,5655181.0,3406354.0
2741,177,230,163,2015,5644.0,0.0
2742,177,231,163,2015,6457182.0,1098218.0
2743,177,246,163,2015,19971.0,3188.0
2744,177,249,163,2015,248526.0,470271.0
2745,177,250,163,2015,549442.0,1461428.0
2746,177,29,163,2015,0.0,631064.0
2747,177,59,163,2015,65238137.0,36482772.0
2748,177,124,163,2015,60612.0,0.0
2749,177,131,163,2015,796926.0,35068.0
2750,177,168,163,2015,25341.0,764693.0
2751,177,2,163,2015,22798.0,0.0
2752,177,25,163,2015,7192.0,0.0
2753,177,107,163,2015,32988.0,0.0
2754,177,110,163,2015,277303.0,41865.0
2755,177,115,163,2015,754493.0,0.0
2756,177,128,163,2015,0.0,185940.0
2757,177,183,163,2015,55411.0,0.0
2758,177,212,163,2015,6568.0,0.0
2759,177,228,163,2015,29767137.0,19070204.0
2760,177,14,163,2015,489434.0,19768.0
2761,177,73,163,2015,0.0,3272.0
2762,177,185,163,2015,33309630.0,14185760.0
2763,177,186,163,2015,109735933.0,6850657.0
2764,177,145,163,2015,104378.0,0.0
2765,177,44,163,2015,2717.0,0.0
2766,177,140,163,2015,279134.0,510184.0
2767,177,134,163,2015,96781.0,13951207.0
2768,177,239,163,2015,768580.0,72051387.0
2769,177,22,163,2015,59556.0,16413996.0
2770,177,159,163,2015,10746.0,7328.0
2771,177,142,163,2015,184219.0,3735.0
2772,177,237,163,2015,0.0,312630.0
2773,177,72,163,2015,6023725.0,169042.0
2774,177,19,163,2015,115626.0,0.0
2775,177,181,163,2015,0.0,7560.0
2776,177,143,163,2015,0.0,116617.0
2777,177,191,163,2015,1021.0,0.0
2778,177,16,163,2015,388923.0,0.0
2779,177,26,163,2015,291489.0,810704.0
2780,177,28,163,2015,13109372.0,6668.0
2781,177,68,163,2015,85083.0,95494.0
2782,177,82,163,2015,120440.0,3214.0
2783,177,100,163,2015,9221225.0,594565.0
2784,177,108,163,2015,18367.0,0.0
2785,177,116,163,2015,13636.0,17008.0
2786,177,117,163,2015,535231.0,0.0
2787,177,132,163,2015,12177116.0,24645761.0
2788,177,135,163,2015,293950.0,893952.0
2789,177,151,163,2015,776.0,4378.0
2790,177,164,163,2015,0.0,2476.0
2791,177,167,163,2015,10578.0,0.0
2792,177,187,163,2015,37485.0,0.0
2793,177,201,163,2015,727102.0,746253.0
2794,177,217,163,2015,2065.0,21615.0
2795,177,219,163,2015,83683.0,0.0
2796,177,223,163,2015,25542.0,17708419.0
2797,177,211,163,2015,10904.0,0.0
2798,177,4,163,2015,54015.0,1190565.0
2799,177,144,163,2015,22985.0,3587.0
2800,177,9,163,2015,266145.0,0.0
2801,177,17,163,2015,972.0,0.0
2802,177,83,163,2015,10095.0,0.0
2803,177,46,163,2015,5930.0,0.0
2804,177,178,163,2015,25183.0,0.0
2805,177,148,163,2015,1485.0,0.0
2806,177,109,163,2015,82517.0,1413.0
2807,177,34,163,2015,9439.0,0.0
2808,177,87,163,2015,69518.0,0.0
2809,177,45,163,2015,11770.0,0.0
2810,177,47,163,2015,86481.0,0.0
2811,177,133,163,2015,56987.0,0.0
2812,177,156,163,2015,2595.0,0.0
2813,177,215,163,2015,27612.0,0.0
2814,177,5,163,2015,4339.0,0.0
2815,177,240,163,2015,0.0,23761.0
2816,177,182,163,2015,358.0,0.0
2817,177,198,163,2015,20181937.0,0.0
2818,177,1,185,2015,3933087.0,0.0
2819,177,7,185,2015,17321715.0,1969490.0
2820,177,8,185,2015,6430010.0,436066.0
2821,177,15,185,2015,378969723.0,396971865.0
2822,177,18,185,2015,648823359.0,970159698.0
2823,177,23,185,2015,109895578.0,9020989.0
2824,177,24,185,2015,417493.0,27168.0
2825,177,32,185,2015,30229810.0,12883793.0
2826,177,33,185,2015,26161.0,0.0
2827,177,39,185,2015,7001401.0,8679967.0
2828,177,41,185,2015,247555148.0,69538325.0
2829,177,42,185,2015,5934303.0,0.0
2830,177,43,185,2015,65562363.0,399337518.0
2831,177,49,185,2015,1288074.0,0.0
2832,177,52,185,2015,1584639.0,0.0
2833,177,58,185,2015,3238219.0,842081.0
2834,177,61,185,2015,6194789640.0,5946896537.0
2835,177,64,185,2015,195430168.0,75617903.0
2836,177,65,185,2015,120655.0,0.0
2837,177,67,185,2015,204168.0,78705.0
2838,177,71,185,2015,1027969278.0,876917303.0
2839,177,74,185,2015,84023583.0,42290703.0
2840,177,77,185,2015,1255383719.0,1181280698.0
2841,177,81,185,2015,1900567285.0,595553935.0
2842,177,90,185,2015,33920772.0,3050523.0
2843,177,96,185,2015,669.0,0.0
2844,177,97,185,2015,7261773.0,3741923.0
2845,177,99,185,2015,43265.0,6837.0
2846,177,102,185,2015,798178934.0,291109771.0
2847,177,103,185,2015,1844714.0,6336653.0
2848,177,104,185,2015,12130584.0,40819724.0
2849,177,106,185,2015,56495969.0,9023401.0
2850,177,111,185,2015,2067591565.0,1298885684.0
2851,177,112,185,2015,110431.0,3633.0
2852,177,113,185,2015,10561714.0,15282.0
2853,177,114,185,2015,76760198.0,422232101.0
2854,177,118,185,2015,46111.0,2566384.0
2855,177,121,185,2015,14022955.0,264404819.0
2856,177,122,185,2015,1959759.0,23710.0
2857,177,130,185,2015,157609816.0,53235663.0
2858,177,138,185,2015,81035132.0,82943807.0
2859,177,153,185,2015,14002631.0,7112843.0
2860,177,160,185,2015,11212.0,17876.0
2861,177,162,185,2015,448373297.0,643439979.0
2862,177,163,185,2015,218931281.0,19724195.0
2863,177,166,185,2015,5886535.0,14253.0
2864,177,169,185,2015,68911.0,0.0
2865,177,173,185,2015,1789637.0,0.0
2866,177,174,185,2015,69524.0,24939.0
2867,177,179,185,2015,77933730.0,51290062.0
2868,177,180,185,2015,696687.0,0.0
2869,177,188,185,2015,16918875.0,186176.0
2870,177,190,185,2015,551108.0,0.0
2871,177,192,185,2015,12984498.0,4534928.0
2872,177,197,185,2015,10855.0,4327.0
2873,177,205,185,2015,22549.0,0.0
2874,177,206,185,2015,636493265.0,441471576.0
2875,177,207,185,2015,69951292.0,96969300.0
2876,177,208,185,2015,526846977.0,462132267.0
2877,177,216,185,2015,6330746.0,32342065.0
2878,177,222,185,2015,24262.0,2134.0
2879,177,224,185,2015,651779187.0,404307217.0
2880,177,230,185,2015,206604.0,0.0
2881,177,231,185,2015,163347926.0,284053272.0
2882,177,246,185,2015,76679619.0,14589715.0
2883,177,249,185,2015,9530451.0,67899155.0
2884,177,250,185,2015,66227.0,42534708.0
2885,177,59,185,2015,1153492867.0,1308386263.0
2886,177,124,185,2015,1726540.0,5417.0
2887,177,131,185,2015,46463255.0,4653404.0
2888,177,168,185,2015,1803852.0,353443.0
2889,177,243,185,2015,179215.0,0.0
2890,177,2,185,2015,1544816.0,0.0
2891,177,25,185,2015,0.0,7270.0
2892,177,107,185,2015,2113192.0,1484516.0
2893,177,110,185,2015,59648816.0,9808082.0
2894,177,115,185,2015,7698754.0,165780.0
2895,177,128,185,2015,20937.0,3266480.0
2896,177,183,185,2015,1609812.0,72398.0
2897,177,212,185,2015,104615.0,0.0
2898,177,228,185,2015,156866009.0,10423640.0
2899,177,14,185,2015,74403774.0,2219342.0
2900,177,54,185,2015,97616.0,1259.0
2901,177,73,185,2015,33211637.0,1330.0
2902,177,185,185,2015,287270909.0,278008919.0
2903,177,186,185,2015,234673164.0,9583120.0
2904,177,31,185,2015,1834011.0,0.0
2905,177,145,185,2015,113417.0,0.0
2906,177,226,185,2015,437082.0,0.0
2907,177,44,185,2015,721014.0,0.0
2908,177,140,185,2015,3279293.0,2939.0
2909,177,134,185,2015,22295201.0,67303145.0
2910,177,85,185,2015,120152.0,0.0
2911,177,239,185,2015,964622.0,3045770.0
2912,177,22,185,2015,812.0,8655.0
2913,177,159,185,2015,2140201.0,0.0
2914,177,142,185,2015,1403200.0,2187.0
2915,177,72,185,2015,96611620.0,7454034.0
2916,177,19,185,2015,175117.0,0.0
2917,177,181,185,2015,374677.0,0.0
2918,177,123,185,2015,51878.0,0.0
2919,177,143,185,2015,2025.0,0.0
2920,177,191,185,2015,334321.0,0.0
2921,177,16,185,2015,1782914.0,0.0
2922,177,80,185,2015,240178.0,0.0
2923,177,0,185,2015,14045.0,0.0
2924,177,26,185,2015,4754715.0,49045.0
2925,177,28,185,2015,43434125.0,14376501.0
2926,177,68,185,2015,28147568.0,63014.0
2927,177,82,185,2015,4469790.0,74554.0
2928,177,100,185,2015,28528184.0,3317000.0
2929,177,108,185,2015,1507426.0,0.0
2930,177,116,185,2015,2109866.0,58240.0
2931,177,117,185,2015,1018719.0,193036.0
2932,177,132,185,2015,103261928.0,11425611.0
2933,177,135,185,2015,10362620.0,24015.0
2934,177,147,185,2015,212386.0,0.0
2935,177,151,185,2015,215885.0,0.0
2936,177,152,185,2015,15717.0,0.0
2937,177,164,185,2015,1430.0,0.0
2938,177,167,185,2015,5265073.0,59276.0
2939,177,187,185,2015,49355.0,0.0
2940,177,201,185,2015,99244839.0,22056485.0
2941,177,217,185,2015,156802.0,0.0
2942,177,219,185,2015,3737258.0,0.0
2943,177,223,185,2015,18136229.0,2181464.0
2944,177,232,185,2015,7584344.0,1914.0
2945,177,38,185,2015,1662.0,0.0
2946,177,227,185,2015,733029.0,218751.0
2947,177,4,185,2015,982996.0,0.0
2948,177,144,185,2015,2781122.0,33809.0
2949,177,248,185,2015,8008.0,0.0
2950,177,9,185,2015,447007.0,0.0
2951,177,66,185,2015,15549779.0,0.0
2952,177,83,185,2015,3050602.0,0.0
2953,177,46,185,2015,38996.0,0.0
2954,177,141,185,2015,107406.0,0.0
2955,177,178,185,2015,0.0,69821.0
2956,177,148,185,2015,257438.0,0.0
2957,177,109,185,2015,7422417.0,187126.0
2958,177,136,185,2015,34237.0,0.0
2959,177,176,185,2015,18021.0,0.0
2960,177,34,185,2015,5083.0,0.0
2961,177,214,185,2015,51515.0,0.0
2962,177,87,185,2015,79446.0,0.0
2963,177,45,185,2015,184751.0,0.0
2964,177,47,185,2015,67689.0,0.0
2965,177,51,185,2015,68679.0,0.0
2966,177,84,185,2015,3152633.0,1878.0
2967,177,92,185,2015,2440.0,0.0
2968,177,125,185,2015,23883.0,0.0
2969,177,126,185,2015,418091.0,0.0
2970,177,155,185,2015,0.0,5620.0
2971,177,156,185,2015,572561.0,0.0
2972,177,157,185,2015,43054.0,0.0
2973,177,196,185,2015,12481.0,6744.0
2974,177,215,185,2015,51248.0,0.0
2975,177,247,185,2015,31955.0,0.0
2976,177,5,185,2015,330572.0,0.0
2977,177,57,185,2015,10986.0,0.0
2978,177,21,185,2015,2942413.0,0.0
2979,177,62,185,2015,21342.0,123916.0
2980,177,199,185,2015,1784.0,0.0
2981,177,69,185,2015,155978.0,0.0
2982,177,240,185,2015,28701.0,0.0
2983,177,182,185,2015,21922.0,0.0
2984,177,88,185,2015,13394.0,0.0
2985,177,198,185,2015,18381.0,1216.0
2986,177,3,185,2015,0.0,18120.0
2987,177,20,185,2015,78518.0,0.0
2988,177,1,107,2015,5650.0,0.0
2989,177,7,107,2015,1289539.0,8635.0
2990,177,8,107,2015,117918.0,7080387.0
2991,177,15,107,2015,18128644.0,4857426.0
2992,177,18,107,2015,60623375.0,30300105.0
2993,177,23,107,2015,2515748.0,3025949.0
2994,177,24,107,2015,16474.0,0.0
2995,177,32,107,2015,357950.0,5803967.0
2996,177,39,107,2015,3238713.0,2061305.0
2997,177,41,107,2015,6994209.0,126718.0
2998,177,42,107,2015,442109.0,28382180.0
2999,177,43,107,2015,2229216.0,7824434.0
3000,177,49,107,2015,0.0,23867974.0
3001,177,52,107,2015,3868.0,29417206.0
3002,177,58,107,2015,17474753.0,271836.0
3003,177,61,107,2015,243654762.0,194343277.0
3004,177,64,107,2015,27360070.0,2764231.0
3005,177,65,107,2015,1155.0,641366.0
3006,177,67,107,2015,0.0,75473589.0
3007,177,71,107,2015,5818061.0,329025574.0
3008,177,74,107,2015,14045608.0,499235.0
3009,177,77,107,2015,48671102.0,8622668.0
3010,177,81,107,2015,72617334.0,18423282.0
3011,177,90,107,2015,2006284.0,31358225.0
3012,177,93,107,2015,0.0,1748277.0
3013,177,97,107,2015,303741.0,0.0
3014,177,99,107,2015,0.0,317760.0
3015,177,102,107,2015,5635344.0,10064567.0
3016,177,103,107,2015,4843.0,2922300.0
3017,177,104,107,2015,535113.0,5600055.0
3018,177,106,107,2015,6385657.0,229298.0
3019,177,111,107,2015,19300487.0,114550548.0
3020,177,113,107,2015,229556.0,0.0
3021,177,114,107,2015,599474.0,0.0
3022,177,121,107,2015,2883070.0,0.0
3023,177,122,107,2015,100421.0,0.0
3024,177,130,107,2015,45675533.0,6102252.0
3025,177,138,107,2015,33803.0,4487292.0
3026,177,153,107,2015,154729.0,270618.0
3027,177,160,107,2015,0.0,497416.0
3028,177,162,107,2015,55690495.0,205793541.0
3029,177,163,107,2015,24506479.0,16774.0
3030,177,166,107,2015,159785.0,1292221.0
3031,177,169,107,2015,0.0,8450753.0
3032,177,173,107,2015,0.0,9954457.0
3033,177,174,107,2015,25202.0,1599112.0
3034,177,179,107,2015,3652624.0,29116806.0
3035,177,188,107,2015,778313.0,1274055.0
3036,177,190,107,2015,10622.0,12117.0
3037,177,192,107,2015,206154.0,305216.0
3038,177,205,107,2015,0.0,82602.0
3039,177,206,107,2015,6285322.0,3543345.0
3040,177,207,107,2015,923069.0,2838610.0
3041,177,208,107,2015,32369768.0,6301224.0
3042,177,216,107,2015,147985.0,169053.0
3043,177,224,107,2015,1755670.0,147598404.0
3044,177,230,107,2015,0.0,444596.0
3045,177,231,107,2015,5277916.0,17716780.0
3046,177,246,107,2015,196364.0,23043615.0
3047,177,249,107,2015,227020.0,0.0
3048,177,250,107,2015,215899.0,702747.0
3049,177,59,107,2015,39904131.0,18012175.0
3050,177,124,107,2015,25286.0,0.0
3051,177,131,107,2015,315488.0,12962.0
3052,177,168,107,2015,26787.0,97386.0
3053,177,2,107,2015,75996.0,0.0
3054,177,107,107,2015,0.0,14391128.0
3055,177,110,107,2015,1347954.0,7559354.0
3056,177,115,107,2015,23177566.0,0.0
3057,177,128,107,2015,12329.0,343472.0
3058,177,183,107,2015,75573.0,0.0
3059,177,212,107,2015,82734.0,0.0
3060,177,228,107,2015,61023367.0,20466658.0
3061,177,13,107,2015,0.0,1612.0
3062,177,14,107,2015,1098192.0,3913432.0
3063,177,73,107,2015,0.0,57485.0
3064,177,185,107,2015,25686092.0,1324728.0
3065,177,186,107,2015,441157.0,2434784.0
3066,177,31,107,2015,0.0,1604400.0
3067,177,145,107,2015,1617975.0,0.0
3068,177,226,107,2015,0.0,9466.0
3069,177,44,107,2015,0.0,1464209.0
3070,177,140,107,2015,115985.0,956709.0
3071,177,134,107,2015,81934.0,3861272.0
3072,177,85,107,2015,0.0,10090.0
3073,177,239,107,2015,199417.0,9452958.0
3074,177,22,107,2015,58660.0,0.0
3075,177,159,107,2015,87711.0,2685.0
3076,177,142,107,2015,58688.0,0.0
3077,177,72,107,2015,5365189.0,183369.0
3078,177,19,107,2015,4571.0,0.0
3079,177,181,107,2015,0.0,1187.0
3080,177,191,107,2015,8958.0,65913.0
3081,177,16,107,2015,158311.0,2010270.0
3082,177,80,107,2015,14143.0,0.0
3083,177,26,107,2015,2184154.0,785256.0
3084,177,28,107,2015,112402519.0,8074391.0
3085,177,68,107,2015,4574360.0,2083517.0
3086,177,82,107,2015,628234.0,2584719.0
3087,177,100,107,2015,1472712.0,106887.0
3088,177,108,107,2015,259745.0,44039.0
3089,177,116,107,2015,1924.0,428005.0
3090,177,117,107,2015,467230.0,0.0
3091,177,132,107,2015,41118900.0,2610472.0
3092,177,135,107,2015,647517.0,2176312.0
3093,177,147,107,2015,0.0,3449.0
3094,177,151,107,2015,5021.0,6440.0
3095,177,152,107,2015,0.0,45632.0
3096,177,167,107,2015,17510.0,0.0
3097,177,201,107,2015,10197382.0,12295434.0
3098,177,209,107,2015,0.0,452113.0
3099,177,217,107,2015,0.0,1402.0
3100,177,219,107,2015,126443.0,0.0
3101,177,223,107,2015,10114.0,429836.0
3102,177,232,107,2015,51922.0,1570961.0
3103,177,38,107,2015,9579.0,0.0
3104,177,4,107,2015,20081.0,223385.0
3105,177,144,107,2015,275635.0,2496.0
3106,177,248,107,2015,0.0,2096715.0
3107,177,9,107,2015,30589.0,30786.0
3108,177,66,107,2015,1260709.0,7880.0
3109,177,83,107,2015,4545.0,306905.0
3110,177,46,107,2015,26039.0,7611.0
3111,177,141,107,2015,12385.0,46740.0
3112,177,148,107,2015,0.0,146820.0
3113,177,109,107,2015,302653.0,0.0
3114,177,136,107,2015,11194.0,377240.0
3115,177,87,107,2015,7567.0,0.0
3116,177,45,107,2015,902.0,7232921.0
3117,177,51,107,2015,3074.0,0.0
3118,177,92,107,2015,14818.0,0.0
3119,177,125,107,2015,33986.0,0.0
3120,177,126,107,2015,18904.0,0.0
3121,177,155,107,2015,0.0,703688.0
3122,177,156,107,2015,7214.0,0.0
3123,177,215,107,2015,7814.0,57775.0
3124,177,21,107,2015,0.0,14648.0
3125,177,62,107,2015,12112.0,0.0
3126,177,182,107,2015,2550.0,0.0
3127,177,137,107,2015,12592.0,0.0
3128,177,7,108,2015,327314.0,4448667.0
3129,177,8,108,2015,79293.0,937811.0
3130,177,15,108,2015,4239356.0,15676611.0
3131,177,18,108,2015,15446087.0,5904927.0
3132,177,23,108,2015,6004525.0,4450692.0
3133,177,32,108,2015,18408.0,11544927.0
3134,177,33,108,2015,74586.0,0.0
3135,177,39,108,2015,845613.0,362500.0
3136,177,41,108,2015,3276662.0,4805379.0
3137,177,42,108,2015,102080.0,6319.0
3138,177,43,108,2015,2455941.0,10182615.0
3139,177,49,108,2015,41679.0,1867846.0
3140,177,52,108,2015,329607.0,184645.0
3141,177,55,108,2015,26605.0,0.0
3142,177,58,108,2015,5793424.0,138237.0
3143,177,61,108,2015,91008674.0,379366749.0
3144,177,64,108,2015,10454967.0,1381227.0
3145,177,65,108,2015,220077.0,7862.0
3146,177,67,108,2015,3850.0,180096.0
3147,177,71,108,2015,3106902.0,9132497.0
3148,177,74,108,2015,2192686.0,5378.0
3149,177,77,108,2015,42440079.0,22260998.0
3150,177,81,108,2015,30110460.0,9590041.0
3151,177,90,108,2015,3969758.0,51083.0
3152,177,93,108,2015,0.0,828841.0
3153,177,96,108,2015,8980.0,0.0
3154,177,97,108,2015,840945.0,10141.0
3155,177,99,108,2015,0.0,2827880.0
3156,177,102,108,2015,20921680.0,3678189.0
3157,177,103,108,2015,232911.0,6960072.0
3158,177,104,108,2015,153399.0,19504325.0
3159,177,106,108,2015,1275417.0,4269.0
3160,177,111,108,2015,27415500.0,29728318.0
3161,177,112,108,2015,32327.0,109888.0
3162,177,113,108,2015,8428.0,0.0
3163,177,114,108,2015,859203.0,78603.0
3164,177,121,108,2015,351320.0,5459.0
3165,177,122,108,2015,3587.0,0.0
3166,177,130,108,2015,36299951.0,9609638.0
3167,177,138,108,2015,543912.0,2071944.0
3168,177,153,108,2015,165474.0,1266.0
3169,177,160,108,2015,0.0,418651.0
3170,177,162,108,2015,23084769.0,39173209.0
3171,177,163,108,2015,8087808.0,46550.0
3172,177,166,108,2015,352416.0,0.0
3173,177,169,108,2015,0.0,3926.0
3174,177,173,108,2015,0.0,2694176.0
3175,177,174,108,2015,435293.0,0.0
3176,177,179,108,2015,2042717.0,902709.0
3177,177,180,108,2015,0.0,222315.0
3178,177,188,108,2015,141289.0,0.0
3179,177,192,108,2015,507328.0,48867.0
3180,177,197,108,2015,736.0,34775.0
3181,177,205,108,2015,6991.0,89873.0
3182,177,206,108,2015,45705021.0,19249328.0
3183,177,207,108,2015,424745.0,177781.0
3184,177,208,108,2015,19134865.0,1552019.0
3185,177,216,108,2015,376740.0,172967.0
3186,177,222,108,2015,94402.0,0.0
3187,177,224,108,2015,1348766.0,4507283.0
3188,177,230,108,2015,25797.0,0.0
3189,177,231,108,2015,6203843.0,334219.0
3190,177,246,108,2015,660827.0,103793.0
3191,177,249,108,2015,567719.0,9912.0
3192,177,250,108,2015,438762.0,660030.0
3193,177,59,108,2015,225515420.0,106106678.0
3194,177,124,108,2015,24141.0,0.0
3195,177,127,108,2015,30692.0,0.0
3196,177,131,108,2015,3761815.0,715116.0
3197,177,168,108,2015,58475.0,0.0
3198,177,25,108,2015,105403.0,0.0
3199,177,107,108,2015,77200.0,456960.0
3200,177,110,108,2015,573682.0,411053.0
3201,177,115,108,2015,214413.0,0.0
3202,177,128,108,2015,4709.0,13006245.0
3203,177,183,108,2015,10833.0,0.0
3204,177,212,108,2015,0.0,276206.0
3205,177,228,108,2015,24407398.0,231219.0
3206,177,13,108,2015,10455.0,0.0
3207,177,14,108,2015,1001613.0,106021.0
3208,177,54,108,2015,0.0,8035.0
3209,177,73,108,2015,55526.0,1716174.0
3210,177,185,108,2015,25993704.0,1103175.0
3211,177,186,108,2015,15517159.0,4036141.0
3212,177,31,108,2015,0.0,5741.0
3213,177,91,108,2015,0.0,121313.0
3214,177,145,108,2015,88072.0,0.0
3215,177,226,108,2015,0.0,2296249.0
3216,177,44,108,2015,54133.0,22922.0
3217,177,140,108,2015,13001.0,108391.0
3218,177,134,108,2015,175520.0,4513.0
3219,177,239,108,2015,584975.0,61379660.0
3220,177,159,108,2015,117274.0,252877.0
3221,177,142,108,2015,99841.0,93950.0
3222,177,63,108,2015,159117.0,0.0
3223,177,72,108,2015,9345703.0,239538.0
3224,177,181,108,2015,0.0,10354.0
3225,177,123,108,2015,0.0,1043236.0
3226,177,191,108,2015,8983.0,0.0
3227,177,16,108,2015,155779.0,1940.0
3228,177,26,108,2015,36343.0,0.0
3229,177,28,108,2015,3375203.0,0.0
3230,177,68,108,2015,82954.0,524798.0
3231,177,82,108,2015,55735.0,13879.0
3232,177,100,108,2015,2807559.0,203663.0
3233,177,116,108,2015,0.0,19132457.0
3234,177,117,108,2015,33227.0,0.0
3235,177,132,108,2015,16805702.0,3664085.0
3236,177,135,108,2015,477634.0,199526.0
3237,177,147,108,2015,0.0,401818.0
3238,177,151,108,2015,66568.0,0.0
3239,177,152,108,2015,0.0,2792606.0
3240,177,164,108,2015,0.0,9588.0
3241,177,167,108,2015,41853.0,0.0
3242,177,187,108,2015,0.0,1940111.0
3243,177,201,108,2015,655903.0,39102.0
3244,177,217,108,2015,5364.0,0.0
3245,177,219,108,2015,62093.0,0.0
3246,177,223,108,2015,64903.0,27624.0
3247,177,232,108,2015,5907.0,0.0
3248,177,227,108,2015,0.0,8701598.0
3249,177,4,108,2015,0.0,123020.0
3250,177,144,108,2015,28029.0,0.0
3251,177,248,108,2015,0.0,415344.0
3252,177,9,108,2015,37085.0,0.0
3253,177,66,108,2015,40756.0,0.0
3254,177,17,108,2015,0.0,1444383.0
3255,177,46,108,2015,0.0,325099.0
3256,177,109,108,2015,189134.0,0.0
3257,177,136,108,2015,0.0,761428.0
3258,177,176,108,2015,0.0,118419.0
3259,177,45,108,2015,22602.0,112533.0
3260,177,47,108,2015,11272.0,360460.0
3261,177,92,108,2015,4467.0,0.0
3262,177,125,108,2015,0.0,34148.0
3263,177,126,108,2015,22436.0,0.0
3264,177,155,108,2015,945.0,0.0
3265,177,156,108,2015,7172.0,0.0
3266,177,157,108,2015,9524.0,0.0
3267,177,196,108,2015,10952.0,0.0
3268,177,247,108,2015,6940.0,0.0
3269,177,57,108,2015,13432.0,0.0
3270,177,182,108,2015,9125.0,0.0
3271,177,198,108,2015,0.0,30393.0
3272,177,50,108,2015,0.0,176853.0
3273,177,137,108,2015,128841.0,0.0
3274,177,7,130,2015,166254.0,0.0
3275,177,15,130,2015,14864747.0,14533999.0
3276,177,18,130,2015,4110936.0,13087603.0
3277,177,23,130,2015,3339380.0,172065.0
3278,177,32,130,2015,20365240.0,0.0
3279,177,39,130,2015,654395.0,1692.0
3280,177,41,130,2015,486117.0,15445.0
3281,177,42,130,2015,0.0,597434.0
3282,177,43,130,2015,728961.0,1530597.0
3283,177,49,130,2015,4626276.0,0.0
3284,177,52,130,2015,407388.0,0.0
3285,177,58,130,2015,34959.0,450393.0
3286,177,61,130,2015,201793257.0,128352511.0
3287,177,64,130,2015,33246220.0,260187.0
3288,177,65,130,2015,298493.0,0.0
3289,177,67,130,2015,464281.0,0.0
3290,177,71,130,2015,9499767.0,3867377.0
3291,177,74,130,2015,249556.0,16796659.0
3292,177,77,130,2015,26596343.0,6099930.0
3293,177,81,130,2015,86533910.0,16015208.0
3294,177,90,130,2015,5177151.0,82204.0
3295,177,93,130,2015,104573.0,0.0
3296,177,99,130,2015,14162.0,0.0
3297,177,102,130,2015,42012314.0,11900122.0
3298,177,103,130,2015,24313.0,0.0
3299,177,104,130,2015,112523.0,151157.0
3300,177,106,130,2015,597997.0,188615.0
3301,177,111,130,2015,7561038.0,3180035.0
3302,177,112,130,2015,11058.0,0.0
3303,177,113,130,2015,181145.0,0.0
3304,177,114,130,2015,458831.0,31113.0
3305,177,121,130,2015,650915.0,0.0
3306,177,122,130,2015,117986.0,0.0
3307,177,130,130,2015,10083350.0,75926919.0
3308,177,138,130,2015,1741397.0,0.0
3309,177,153,130,2015,470473.0,0.0
3310,177,160,130,2015,186356.0,0.0
3311,177,162,130,2015,14266298.0,63782267.0
3312,177,163,130,2015,4737228.0,25515487.0
3313,177,166,130,2015,188682.0,0.0
3314,177,169,130,2015,389141.0,0.0
3315,177,173,130,2015,1084963.0,0.0
3316,177,174,130,2015,15316.0,0.0
3317,177,179,130,2015,5567778.0,13690.0
3318,177,180,130,2015,2695460.0,0.0
3319,177,188,130,2015,127019.0,0.0
3320,177,192,130,2015,1575.0,0.0
3321,177,197,130,2015,31860.0,0.0
3322,177,206,130,2015,41955467.0,7314054.0
3323,177,207,130,2015,717339.0,45384.0
3324,177,208,130,2015,25339675.0,125992.0
3325,177,216,130,2015,551751.0,17217.0
3326,177,224,130,2015,1969671.0,52082.0
3327,177,230,130,2015,4345.0,0.0
3328,177,231,130,2015,466330.0,1585048.0
3329,177,236,130,2015,68674856.0,0.0
3330,177,246,130,2015,141068.0,0.0
3331,177,249,130,2015,56137.0,11006.0
3332,177,250,130,2015,0.0,71446.0
3333,177,59,130,2015,97856534.0,5090577.0
3334,177,124,130,2015,167638.0,0.0
3335,177,131,130,2015,0.0,5686195.0
3336,177,168,130,2015,6874.0,0.0
3337,177,243,130,2015,75566.0,0.0
3338,177,107,130,2015,76253.0,0.0
3339,177,110,130,2015,159105.0,788831.0
3340,177,115,130,2015,275002.0,0.0
3341,177,212,130,2015,70442.0,0.0
3342,177,228,130,2015,4491090.0,6458508.0
3343,177,14,130,2015,537921.0,37394.0
3344,177,54,130,2015,794964.0,0.0
3345,177,73,130,2015,141906.0,0.0
3346,177,185,130,2015,5239463.0,28804.0
3347,177,186,130,2015,4486411.0,212785780.0
3348,177,31,130,2015,2410.0,0.0
3349,177,44,130,2015,584978.0,0.0
3350,177,140,130,2015,10325.0,0.0
3351,177,134,130,2015,74567.0,8566959.0
3352,177,239,130,2015,757481.0,0.0
3353,177,159,130,2015,2706833.0,0.0
3354,177,142,130,2015,64275.0,0.0
3355,177,72,130,2015,5087979.0,187211.0
3356,177,143,130,2015,77603.0,0.0
3357,177,191,130,2015,4589949.0,0.0
3358,177,16,130,2015,7347.0,0.0
3359,177,26,130,2015,63882.0,0.0
3360,177,28,130,2015,3162517.0,131811291.0
3361,177,68,130,2015,166996.0,0.0
3362,177,82,130,2015,1587.0,19953536.0
3363,177,100,130,2015,1002659.0,10029.0
3364,177,108,130,2015,58545.0,0.0
3365,177,116,130,2015,207418.0,0.0
3366,177,117,130,2015,15386.0,0.0
3367,177,132,130,2015,1380434.0,340925.0
3368,177,135,130,2015,605487.0,0.0
3369,177,151,130,2015,9391.0,0.0
3370,177,167,130,2015,77596.0,0.0
3371,177,201,130,2015,71495.0,29613.0
3372,177,223,130,2015,427904.0,0.0
3373,177,232,130,2015,0.0,46902.0
3374,177,4,130,2015,24268.0,0.0
3375,177,9,130,2015,16033.0,0.0
3376,177,66,130,2015,23180.0,1285419.0
3377,177,83,130,2015,412893.0,0.0
3378,177,46,130,2015,6813.0,0.0
3379,177,141,130,2015,87106.0,0.0
3380,177,109,130,2015,185241.0,10114.0
3381,177,45,130,2015,1558522.0,0.0
3382,177,126,130,2015,22245.0,0.0
3383,177,215,130,2015,362959.0,0.0
3384,177,21,130,2015,23641.0,0.0
3385,177,129,130,2015,0.0,6028.0
3386,177,182,130,2015,172.0,0.0
3387,177,7,132,2015,16759915.0,1144772.0
3388,177,8,132,2015,536476.0,178028.0
3389,177,15,132,2015,6619578.0,9097907.0
3390,177,18,132,2015,84458823.0,58793418.0
3391,177,23,132,2015,5964601.0,20920446.0
3392,177,24,132,2015,682310.0,2973.0
3393,177,32,132,2015,538292.0,360102.0
3394,177,33,132,2015,5681.0,0.0
3395,177,39,132,2015,1857344.0,3984178.0
3396,177,41,132,2015,12174532.0,84703707.0
3397,177,42,132,2015,3684447.0,19557.0
3398,177,43,132,2015,2478684.0,49243485.0
3399,177,49,132,2015,6478601.0,152005.0
3400,177,52,132,2015,3288745.0,0.0
3401,177,55,132,2015,38429.0,93530.0
3402,177,58,132,2015,1256114.0,138089.0
3403,177,61,132,2015,342048913.0,568269719.0
3404,177,64,132,2015,27561705.0,5112936.0
3405,177,65,132,2015,84392.0,27999.0
3406,177,67,132,2015,650574.0,1248222.0
3407,177,71,132,2015,100977693.0,91116841.0
3408,177,74,132,2015,6115328.0,3851671.0
3409,177,77,132,2015,107820802.0,274949579.0
3410,177,81,132,2015,291286795.0,154599792.0
3411,177,90,132,2015,24019493.0,7668381.0
3412,177,93,132,2015,100295.0,0.0
3413,177,96,132,2015,7898.0,0.0
3414,177,97,132,2015,3315238.0,784790.0
3415,177,99,132,2015,143691.0,1872.0
3416,177,102,132,2015,103086359.0,21492088.0
3417,177,103,132,2015,18333722.0,203982.0
3418,177,104,132,2015,4373058.0,7147058.0
3419,177,106,132,2015,3086548.0,116749758.0
3420,177,111,132,2015,110565017.0,133132792.0
3421,177,112,132,2015,0.0,4442.0
3422,177,113,132,2015,1145861.0,13029.0
3423,177,114,132,2015,2043658.0,2898011.0
3424,177,118,132,2015,22521.0,0.0
3425,177,121,132,2015,1775646.0,4444477.0
3426,177,122,132,2015,1795326.0,0.0
3427,177,130,132,2015,48305213.0,3909276.0
3428,177,138,132,2015,20210161.0,4522389.0
3429,177,153,132,2015,1509194.0,269176.0
3430,177,160,132,2015,266720.0,0.0
3431,177,162,132,2015,87855644.0,106413901.0
3432,177,163,132,2015,5118783.0,357946.0
3433,177,166,132,2015,627522.0,15014.0
3434,177,169,132,2015,393509.0,0.0
3435,177,173,132,2015,2439928.0,31426.0
3436,177,174,132,2015,346888.0,19372.0
3437,177,179,132,2015,13537976.0,5000987.0
3438,177,180,132,2015,14156.0,0.0
3439,177,188,132,2015,11234249.0,2176.0
3440,177,190,132,2015,235087.0,0.0
3441,177,192,132,2015,943266.0,354418.0
3442,177,197,132,2015,98603.0,0.0
3443,177,205,132,2015,40203.0,0.0
3444,177,206,132,2015,30706799.0,35314720.0
3445,177,207,132,2015,4694062.0,10300091.0
3446,177,208,132,2015,18940547.0,43292274.0
3447,177,216,132,2015,2090814.0,988969.0
3448,177,222,132,2015,2839.0,0.0
3449,177,224,132,2015,80802995.0,13582920.0
3450,177,231,132,2015,19234615.0,89517114.0
3451,177,236,132,2015,5521.0,0.0
3452,177,246,132,2015,33155105.0,1085643.0
3453,177,249,132,2015,2029887.0,349917.0
3454,177,250,132,2015,12001923.0,2325111.0
3455,177,29,132,2015,580371.0,0.0
3456,177,59,132,2015,101591116.0,70490788.0
3457,177,124,132,2015,3132707.0,1848.0
3458,177,131,132,2015,6146276.0,3789104.0
3459,177,168,132,2015,1124584.0,0.0
3460,177,243,132,2015,58648.0,0.0
3461,177,2,132,2015,9579.0,0.0
3462,177,107,132,2015,555812.0,1261.0
3463,177,110,132,2015,20451660.0,2696088.0
3464,177,115,132,2015,29732968.0,0.0
3465,177,128,132,2015,303521.0,344375.0
3466,177,183,132,2015,735819.0,0.0
3467,177,212,132,2015,208911.0,0.0
3468,177,228,132,2015,95276384.0,1577549.0
3469,177,13,132,2015,9375.0,0.0
3470,177,14,132,2015,6908241.0,496419.0
3471,177,54,132,2015,23397.0,0.0
3472,177,73,132,2015,15672.0,0.0
3473,177,185,132,2015,79397957.0,3633115.0
3474,177,186,132,2015,332498173.0,9086645.0
3475,177,31,132,2015,20328.0,0.0
3476,177,145,132,2015,6349695.0,0.0
3477,177,226,132,2015,286460.0,0.0
3478,177,44,132,2015,51862.0,0.0
3479,177,140,132,2015,599474.0,0.0
3480,177,134,132,2015,10285894.0,476824.0
3481,177,239,132,2015,2441142.0,2303.0
3482,177,22,132,2015,8231.0,0.0
3483,177,159,132,2015,1618362.0,0.0
3484,177,142,132,2015,290080.0,0.0
3485,177,237,132,2015,134858.0,0.0
3486,177,72,132,2015,20632261.0,668614.0
3487,177,181,132,2015,62659.0,0.0
3488,177,143,132,2015,22288759.0,0.0
3489,177,191,132,2015,27906.0,0.0
3490,177,16,132,2015,5952996.0,0.0
3491,177,80,132,2015,11057.0,14651.0
3492,177,26,132,2015,2224091.0,0.0
3493,177,28,132,2015,13852363.0,97029.0
3494,177,68,132,2015,11700056.0,13128.0
3495,177,82,132,2015,10433177.0,158862.0
3496,177,100,132,2015,7171050.0,358816.0
3497,177,108,132,2015,2040622.0,0.0
3498,177,116,132,2015,409646.0,0.0
3499,177,117,132,2015,2036365.0,2745.0
3500,177,132,132,2015,36174399.0,2178211.0
3501,177,135,132,2015,2900919.0,957695.0
3502,177,147,132,2015,20227.0,0.0
3503,177,151,132,2015,624474.0,0.0
3504,177,164,132,2015,17671.0,5247.0
3505,177,167,132,2015,481700.0,0.0
3506,177,201,132,2015,5382132.0,393308.0
3507,177,217,132,2015,548406.0,0.0
3508,177,219,132,2015,1974829.0,0.0
3509,177,223,132,2015,3130380.0,69989.0
3510,177,232,132,2015,3226493.0,0.0
3511,177,211,132,2015,4895.0,0.0
3512,177,227,132,2015,80246.0,4111.0
3513,177,4,132,2015,140572.0,0.0
3514,177,144,132,2015,296029.0,0.0
3515,177,248,132,2015,2449.0,0.0
3516,177,9,132,2015,2664045.0,0.0
3517,177,66,132,2015,2261110.0,0.0
3518,177,83,132,2015,68493.0,10761.0
3519,177,46,132,2015,19792.0,0.0
3520,177,141,132,2015,1917.0,0.0
3521,177,148,132,2015,14063.0,0.0
3522,177,109,132,2015,304922.0,31533.0
3523,177,136,132,2015,24185.0,7275.0
3524,177,34,132,2015,7807.0,0.0
3525,177,87,132,2015,1070.0,0.0
3526,177,37,132,2015,5597.0,0.0
3527,177,45,132,2015,20277.0,0.0
3528,177,47,132,2015,9751.0,0.0
3529,177,51,132,2015,6780.0,0.0
3530,177,92,132,2015,3065.0,0.0
3531,177,126,132,2015,1424977.0,0.0
3532,177,133,132,2015,2106.0,0.0
3533,177,156,132,2015,81691.0,0.0
3534,177,157,132,2015,27492.0,0.0
3535,177,215,132,2015,16783.0,0.0
3536,177,247,132,2015,47194.0,0.0
3537,177,5,132,2015,39162.0,0.0
3538,177,182,132,2015,23281.0,0.0
3539,177,198,132,2015,348122.0,124426.0
3540,177,50,132,2015,0.0,3395.0
3541,177,78,132,2015,4008.0,0.0
3542,177,137,132,2015,3557.0,0.0
3543,177,12,132,2015,126860.0,0.0
3544,177,210,132,2015,75395.0,0.0
3545,177,7,138,2015,10261288.0,14899439.0
3546,177,8,138,2015,1664335.0,286896.0
3547,177,15,138,2015,142065033.0,254507306.0
3548,177,18,138,2015,269176486.0,731505128.0
3549,177,23,138,2015,44017949.0,23963019.0
3550,177,24,138,2015,372029.0,415708.0
3551,177,32,138,2015,9120216.0,3043425.0
3552,177,33,138,2015,27111.0,3031.0
3553,177,39,138,2015,9223275.0,8682467.0
3554,177,41,138,2015,83157531.0,112890774.0
3555,177,42,138,2015,2699063.0,386513.0
3556,177,43,138,2015,58052440.0,323096753.0
3557,177,49,138,2015,849450.0,262875.0
3558,177,52,138,2015,192655.0,240450.0
3559,177,55,138,2015,15963.0,0.0
3560,177,58,138,2015,1925444.0,775374.0
3561,177,61,138,2015,2624142010.0,4085350105.0
3562,177,64,138,2015,200245089.0,112875982.0
3563,177,65,138,2015,322695.0,8206170.0
3564,177,67,138,2015,113178.0,654860.0
3565,177,71,138,2015,122419756.0,222730928.0
3566,177,74,138,2015,63161780.0,137577140.0
3567,177,77,138,2015,541975624.0,686829388.0
3568,177,81,138,2015,332417386.0,366599762.0
3569,177,90,138,2015,24279013.0,17834049.0
3570,177,93,138,2015,194595.0,0.0
3571,177,96,138,2015,9286.0,0.0
3572,177,97,138,2015,12909770.0,4093887.0
3573,177,99,138,2015,119252.0,2234.0
3574,177,102,138,2015,244948363.0,409717145.0
3575,177,103,138,2015,1450833.0,9850059.0
3576,177,104,138,2015,9796927.0,40148768.0
3577,177,106,138,2015,24707329.0,25176892.0
3578,177,111,138,2015,359080768.0,823020034.0
3579,177,112,138,2015,444065.0,0.0
3580,177,113,138,2015,681113.0,13415.0
3581,177,114,138,2015,6266578.0,53117323.0
3582,177,118,138,2015,15015.0,612994.0
3583,177,121,138,2015,10644353.0,219784187.0
3584,177,122,138,2015,822366.0,221064.0
3585,177,130,138,2015,215218177.0,152044159.0
3586,177,138,138,2015,14490821.0,12766109.0
3587,177,153,138,2015,2307482.0,6395561.0
3588,177,160,138,2015,4121.0,0.0
3589,177,162,138,2015,314840965.0,730343334.0
3590,177,163,138,2015,66561262.0,22529096.0
3591,177,166,138,2015,2686138.0,920561.0
3592,177,169,138,2015,269807.0,11478.0
3593,177,173,138,2015,363745.0,0.0
3594,177,174,138,2015,172621.0,189713.0
3595,177,179,138,2015,25248046.0,23166019.0
3596,177,180,138,2015,27419.0,0.0
3597,177,188,138,2015,5738272.0,116749294.0
3598,177,190,138,2015,98065.0,0.0
3599,177,192,138,2015,1957955.0,7126436.0
3600,177,197,138,2015,9896.0,2002.0
3601,177,205,138,2015,147294.0,1464.0
3602,177,206,138,2015,326344052.0,274994885.0
3603,177,207,138,2015,45508721.0,34591897.0
3604,177,208,138,2015,174665799.0,224797973.0
3605,177,216,138,2015,1331975.0,12558814.0
3606,177,222,138,2015,51972.0,0.0
3607,177,224,138,2015,79205176.0,94881261.0
3608,177,230,138,2015,98130.0,2198.0
3609,177,231,138,2015,76584206.0,133022126.0
3610,177,236,138,2015,220665.0,494281.0
3611,177,246,138,2015,13449679.0,3684832.0
3612,177,249,138,2015,2076433.0,28549214.0
3613,177,250,138,2015,556331.0,30944015.0
3614,177,29,138,2015,654142.0,0.0
3615,177,59,138,2015,633700215.0,501714562.0
3616,177,124,138,2015,1279504.0,20758.0
3617,177,127,138,2015,173190.0,0.0
3618,177,131,138,2015,18709272.0,28341029.0
3619,177,168,138,2015,489813.0,11315797.0
3620,177,243,138,2015,3244.0,0.0
3621,177,2,138,2015,472427.0,0.0
3622,177,25,138,2015,17647.0,0.0
3623,177,107,138,2015,1813024.0,331240.0
3624,177,110,138,2015,6947783.0,20326387.0
3625,177,115,138,2015,16091602.0,784.0
3626,177,128,138,2015,140204.0,6466.0
3627,177,183,138,2015,884897.0,10241916.0
3628,177,212,138,2015,227770.0,12617.0
3629,177,228,138,2015,286318110.0,17992219.0
3630,177,13,138,2015,25657.0,2714.0
3631,177,14,138,2015,9427108.0,390095.0
3632,177,54,138,2015,305045.0,0.0
3633,177,73,138,2015,15134.0,7159.0
3634,177,185,138,2015,169339591.0,56929891.0
3635,177,186,138,2015,366613014.0,55178389.0
3636,177,31,138,2015,12784.0,0.0
3637,177,91,138,2015,0.0,1057.0
3638,177,145,138,2015,1125844.0,0.0
3639,177,226,138,2015,96469.0,0.0
3640,177,44,138,2015,99211.0,0.0
3641,177,140,138,2015,4078697.0,256870.0
3642,177,134,138,2015,2904274.0,248642.0
3643,177,85,138,2015,6882.0,0.0
3644,177,239,138,2015,1445164.0,19111554.0
3645,177,22,138,2015,76852.0,4757461.0
3646,177,159,138,2015,660528.0,0.0
3647,177,142,138,2015,1109436.0,978707.0
3648,177,237,138,2015,155843.0,0.0
3649,177,63,138,2015,133437.0,0.0
3650,177,72,138,2015,60185069.0,8891050.0
3651,177,19,138,2015,4650.0,0.0
3652,177,181,138,2015,129311.0,2910.0
3653,177,123,138,2015,0.0,5000.0
3654,177,143,138,2015,29314.0,1888.0
3655,177,191,138,2015,369407.0,0.0
3656,177,120,138,2015,49163.0,0.0
3657,177,16,138,2015,3544437.0,0.0
3658,177,80,138,2015,58568.0,11672.0
3659,177,0,138,2015,96232.0,0.0
3660,177,26,138,2015,9819582.0,359727.0
3661,177,28,138,2015,117679441.0,7811145.0
3662,177,68,138,2015,3701772.0,12882934.0
3663,177,82,138,2015,2781877.0,372269.0
3664,177,100,138,2015,26531137.0,6787361.0
3665,177,108,138,2015,1234981.0,0.0
3666,177,116,138,2015,558321.0,0.0
3667,177,117,138,2015,1374097.0,0.0
3668,177,132,138,2015,74408674.0,9721249.0
3669,177,135,138,2015,13497353.0,252429.0
3670,177,147,138,2015,19028.0,0.0
3671,177,151,138,2015,98770.0,9901.0
3672,177,152,138,2015,24626.0,0.0
3673,177,164,138,2015,4751.0,0.0
3674,177,167,138,2015,576681.0,4247193.0
3675,177,201,138,2015,36759851.0,23052750.0
3676,177,209,138,2015,0.0,1813.0
3677,177,217,138,2015,371108.0,9985.0
3678,177,219,138,2015,2629521.0,811685.0
3679,177,223,138,2015,14237463.0,1842663.0
3680,177,232,138,2015,1518084.0,70960.0
3681,177,38,138,2015,8799.0,0.0
3682,177,211,138,2015,22986.0,0.0
3683,177,227,138,2015,68548.0,0.0
3684,177,4,138,2015,491966.0,0.0
3685,177,144,138,2015,698484.0,14075.0
3686,177,248,138,2015,4149.0,1228.0
3687,177,9,138,2015,4012900.0,0.0
3688,177,66,138,2015,2822103.0,0.0
3689,177,83,138,2015,159666.0,0.0
3690,177,46,138,2015,26161.0,0.0
3691,177,141,138,2015,85220.0,8271.0
3692,177,178,138,2015,95533.0,123034.0
3693,177,148,138,2015,19669.0,0.0
3694,177,109,138,2015,2679458.0,171013.0
3695,177,136,138,2015,12613.0,0.0
3696,177,176,138,2015,2105.0,0.0
3697,177,34,138,2015,947.0,0.0
3698,177,87,138,2015,29307.0,0.0
3699,177,37,138,2015,683.0,0.0
3700,177,45,138,2015,300586.0,0.0
3701,177,47,138,2015,847058.0,0.0
3702,177,51,138,2015,3627.0,0.0
3703,177,84,138,2015,12802.0,0.0
3704,177,89,138,2015,10213.0,0.0
3705,177,92,138,2015,15345.0,0.0
3706,177,125,138,2015,4504.0,0.0
3707,177,126,138,2015,1785583.0,0.0
3708,177,133,138,2015,362345.0,0.0
3709,177,155,138,2015,24532.0,22939.0
3710,177,156,138,2015,86414.0,0.0
3711,177,157,138,2015,60561.0,0.0
3712,177,196,138,2015,46722.0,54955.0
3713,177,215,138,2015,261819.0,0.0
3714,177,229,138,2015,0.0,6637.0
3715,177,247,138,2015,18663.0,0.0
3716,177,5,138,2015,33930.0,0.0
3717,177,21,138,2015,37373.0,0.0
3718,177,62,138,2015,39667.0,82858.0
3719,177,199,138,2015,5289.0,0.0
3720,177,69,138,2015,0.0,30814.0
3721,177,101,138,2015,6539.0,0.0
3722,177,182,138,2015,14200.0,0.0
3723,177,198,138,2015,60300.0,69766.0
3724,177,48,138,2015,20822.0,0.0
3725,177,3,138,2015,0.0,4703.0
3726,177,78,138,2015,54179.0,0.0
3727,177,137,138,2015,463952.0,0.0
3728,177,12,138,2015,72770.0,0.0
3729,177,210,138,2015,9856.0,0.0
3730,177,11,138,2015,1859.0,0.0
3731,177,1,139,2015,191822.0,0.0
3732,177,7,139,2015,4465380.0,212931.0
3733,177,8,139,2015,3289758.0,93573.0
3734,177,15,139,2015,37579301.0,16747966.0
3735,177,18,139,2015,135433599.0,102442068.0
3736,177,23,139,2015,11557634.0,18359160.0
3737,177,24,139,2015,240301.0,0.0
3738,177,32,139,2015,24313876.0,2994791.0
3739,177,33,139,2015,2162.0,0.0
3740,177,39,139,2015,35821114.0,1425591.0
3741,177,41,139,2015,18382670.0,6546085.0
3742,177,42,139,2015,5290918.0,4770.0
3743,177,43,139,2015,81497472.0,131170736.0
3744,177,49,139,2015,5522296.0,18377.0
3745,177,52,139,2015,950873.0,0.0
3746,177,58,139,2015,1862332.0,18226.0
3747,177,61,139,2015,1311325060.0,827817991.0
3748,177,64,139,2015,12848349.0,12831223.0
3749,177,65,139,2015,59082.0,0.0
3750,177,67,139,2015,257869.0,3646.0
3751,177,71,139,2015,203659159.0,86745024.0
3752,177,74,139,2015,16573834.0,7400228.0
3753,177,77,139,2015,401846581.0,291516503.0
3754,177,81,139,2015,249464859.0,57489607.0
3755,177,90,139,2015,29521780.0,63113.0
3756,177,93,139,2015,73307.0,30153.0
3757,177,96,139,2015,10833.0,0.0
3758,177,97,139,2015,3905923.0,250653.0
3759,177,99,139,2015,26965.0,0.0
3760,177,102,139,2015,124632648.0,66946138.0
3761,177,103,139,2015,3796985.0,31938682.0
3762,177,104,139,2015,25504791.0,28525260.0
3763,177,106,139,2015,10218247.0,1296257.0
3764,177,111,139,2015,246616074.0,237414742.0
3765,177,112,139,2015,2908.0,3809.0
3766,177,113,139,2015,620243.0,0.0
3767,177,114,139,2015,9249112.0,36258339.0
3768,177,118,139,2015,8287.0,0.0
3769,177,121,139,2015,4313462.0,40920324.0
3770,177,122,139,2015,542027.0,0.0
3771,177,130,139,2015,35778484.0,6808476.0
3772,177,138,139,2015,35645677.0,2056615.0
3773,177,153,139,2015,7137013.0,44064647.0
3774,177,160,139,2015,80499.0,0.0
3775,177,162,139,2015,111627794.0,86989213.0
3776,177,163,139,2015,13960839.0,2827901.0
3777,177,166,139,2015,793595.0,32145.0
3778,177,169,139,2015,2183074.0,7445.0
3779,177,173,139,2015,7580440.0,0.0
3780,177,174,139,2015,175281.0,2062321.0
3781,177,179,139,2015,6445979.0,23467638.0
3782,177,180,139,2015,149177.0,0.0
3783,177,188,139,2015,7420057.0,0.0
3784,177,190,139,2015,9874.0,0.0
3785,177,192,139,2015,1271246.0,1090992.0
3786,177,197,139,2015,63638.0,0.0
3787,177,205,139,2015,4449.0,0.0
3788,177,206,139,2015,88937650.0,131243124.0
3789,177,207,139,2015,51606464.0,23677209.0
3790,177,208,139,2015,95801328.0,28493930.0
3791,177,216,139,2015,11159575.0,43455893.0
3792,177,222,139,2015,88289.0,0.0
3793,177,224,139,2015,79621892.0,58119652.0
3794,177,230,139,2015,201841.0,0.0
3795,177,231,139,2015,87021431.0,48870926.0
3796,177,236,139,2015,433182.0,0.0
3797,177,246,139,2015,10967277.0,502444.0
3798,177,249,139,2015,2027421.0,6487994.0
3799,177,250,139,2015,20393.0,2834576.0
3800,177,29,139,2015,7785.0,0.0
3801,177,59,139,2015,174901142.0,223099088.0
3802,177,124,139,2015,350972.0,0.0
3803,177,131,139,2015,19019371.0,25074980.0
3804,177,168,139,2015,1852852.0,359857.0
3805,177,243,139,2015,7696.0,0.0
3806,177,2,139,2015,40748.0,0.0
3807,177,25,139,2015,10990.0,0.0
3808,177,107,139,2015,158068.0,0.0
3809,177,110,139,2015,8452726.0,1463506.0
3810,177,115,139,2015,4769976.0,22210.0
3811,177,128,139,2015,1397469.0,5291730.0
3812,177,183,139,2015,235346.0,0.0
3813,177,212,139,2015,3104.0,0.0
3814,177,228,139,2015,57081238.0,1533856.0
3815,177,14,139,2015,5527768.0,311032.0
3816,177,54,139,2015,63323.0,0.0
3817,177,73,139,2015,228933.0,0.0
3818,177,185,139,2015,95846018.0,84472311.0
3819,177,186,139,2015,116470915.0,208505292.0
3820,177,31,139,2015,96570.0,0.0
3821,177,145,139,2015,90515.0,0.0
3822,177,226,139,2015,114992.0,0.0
3823,177,44,139,2015,145396.0,36469504.0
3824,177,140,139,2015,4219051.0,186169.0
3825,177,134,139,2015,20160607.0,90528.0
3826,177,85,139,2015,137290.0,3494082.0
3827,177,239,139,2015,1087507.0,6602563.0
3828,177,22,139,2015,11795.0,114380.0
3829,177,159,139,2015,171245.0,1351939.0
3830,177,142,139,2015,614494.0,1459868.0
3831,177,237,139,2015,64226.0,0.0
3832,177,63,139,2015,7259.0,0.0
3833,177,72,139,2015,20296671.0,1578930.0
3834,177,19,139,2015,23420.0,0.0
3835,177,123,139,2015,231021.0,155608.0
3836,177,143,139,2015,2488.0,11024.0
3837,177,191,139,2015,146109.0,0.0
3838,177,16,139,2015,265252.0,0.0
3839,177,80,139,2015,62915.0,4868859.0
3840,177,0,139,2015,8179.0,0.0
3841,177,26,139,2015,3798647.0,22001.0
3842,177,28,139,2015,15285336.0,1640135.0
3843,177,68,139,2015,2213030.0,804462.0
3844,177,82,139,2015,1204017.0,40950.0
3845,177,100,139,2015,9799894.0,542721.0
3846,177,108,139,2015,317093.0,0.0
3847,177,116,139,2015,236736.0,0.0
3848,177,117,139,2015,89154.0,0.0
3849,177,132,139,2015,27384589.0,2181802.0
3850,177,135,139,2015,1915660.0,5433.0
3851,177,147,139,2015,31174.0,0.0
3852,177,151,139,2015,154147.0,0.0
3853,177,152,139,2015,22968.0,0.0
3854,177,164,139,2015,1614.0,0.0
3855,177,167,139,2015,878540.0,0.0
3856,177,187,139,2015,34588.0,0.0
3857,177,201,139,2015,22503642.0,32013536.0
3858,177,217,139,2015,2002.0,0.0
3859,177,219,139,2015,12093.0,0.0
3860,177,223,139,2015,7657691.0,30494.0
3861,177,232,139,2015,515342.0,0.0
3862,177,211,139,2015,1689.0,0.0
3863,177,227,139,2015,45207.0,0.0
3864,177,4,139,2015,425962.0,1762.0
3865,177,144,139,2015,178078.0,0.0
3866,177,248,139,2015,3919.0,27953.0
3867,177,9,139,2015,79566.0,0.0
3868,177,66,139,2015,8379396.0,0.0
3869,177,17,139,2015,37846.0,0.0
3870,177,83,139,2015,197949.0,781056.0
3871,177,46,139,2015,92342.0,0.0
3872,177,141,139,2015,66837.0,8927.0
3873,177,178,139,2015,7379.0,88633.0
3874,177,148,139,2015,11486.0,0.0
3875,177,109,139,2015,272969.0,1157.0
3876,177,136,139,2015,71108.0,0.0
3877,177,176,139,2015,131118.0,0.0
3878,177,34,139,2015,5843.0,0.0
3879,177,87,139,2015,6292.0,0.0
3880,177,45,139,2015,1389390.0,3531721.0
3881,177,47,139,2015,109594.0,0.0
3882,177,89,139,2015,27236.0,0.0
3883,177,92,139,2015,4494.0,0.0
3884,177,125,139,2015,17696.0,1503192.0
3885,177,126,139,2015,314387.0,0.0
3886,177,133,139,2015,17637.0,0.0
3887,177,155,139,2015,13761.0,0.0
3888,177,156,139,2015,194331.0,0.0
3889,177,157,139,2015,27869.0,762.0
3890,177,196,139,2015,13555.0,8829.0
3891,177,215,139,2015,33778.0,0.0
3892,177,247,139,2015,56003.0,0.0
3893,177,21,139,2015,75804.0,0.0
3894,177,62,139,2015,1729892.0,21812.0
3895,177,101,139,2015,1996.0,0.0
3896,177,240,139,2015,1852.0,0.0
3897,177,182,139,2015,19148.0,0.0
3898,177,198,139,2015,35092.0,12735.0
3899,177,137,139,2015,1623.0,0.0
3900,177,202,139,2015,25790.0,0.0
3901,177,12,139,2015,873447.0,0.0
3902,177,20,139,2015,206097.0,0.0
3903,177,7,160,2015,4290251.0,566433.0
3904,177,8,160,2015,1414.0,19563.0
3905,177,15,160,2015,68382363.0,74707588.0
3906,177,18,160,2015,13395011.0,23083289.0
3907,177,23,160,2015,7191986.0,10287884.0
3908,177,24,160,2015,61541.0,0.0
3909,177,32,160,2015,104145.0,44146.0
3910,177,33,160,2015,1380.0,0.0
3911,177,39,160,2015,1334080.0,86080.0
3912,177,41,160,2015,11271227.0,1714153.0
3913,177,42,160,2015,117937.0,5920.0
3914,177,43,160,2015,992050.0,532070375.0
3915,177,49,160,2015,270694.0,13523.0
3916,177,52,160,2015,1649.0,47855.0
3917,177,58,160,2015,424733.0,844.0
3918,177,61,160,2015,669044529.0,420461070.0
3919,177,64,160,2015,13936185.0,19051877.0
3920,177,65,160,2015,585.0,4623.0
3921,177,67,160,2015,9233.0,0.0
3922,177,71,160,2015,8231340.0,138763392.0
3923,177,74,160,2015,44507119.0,1286127.0
3924,177,77,160,2015,31157166.0,102991813.0
3925,177,81,160,2015,25632178.0,65349869.0
3926,177,90,160,2015,1539147.0,608363.0
3927,177,93,160,2015,0.0,124119.0
3928,177,97,160,2015,815230.0,1804977.0
3929,177,99,160,2015,0.0,143925.0
3930,177,102,160,2015,49726137.0,3241239.0
3931,177,103,160,2015,22842.0,16172488.0
3932,177,104,160,2015,76294.0,80952461.0
3933,177,106,160,2015,2516851.0,799284.0
3934,177,111,160,2015,24095575.0,113320887.0
3935,177,113,160,2015,52379.0,3478.0
3936,177,114,160,2015,773775.0,25024.0
3937,177,118,160,2015,255294.0,119575186.0
3938,177,121,160,2015,939929.0,1354279.0
3939,177,122,160,2015,435849.0,0.0
3940,177,130,160,2015,26777959.0,1337461.0
3941,177,138,160,2015,82387.0,342889.0
3942,177,153,160,2015,31704.0,2011900.0
3943,177,160,160,2015,0.0,37683.0
3944,177,162,160,2015,138592955.0,121443767.0
3945,177,163,160,2015,9005465.0,410052.0
3946,177,166,160,2015,118014.0,0.0
3947,177,169,160,2015,17269.0,0.0
3948,177,173,160,2015,6535.0,268233.0
3949,177,174,160,2015,2597.0,818417.0
3950,177,179,160,2015,764436.0,9651958.0
3951,177,188,160,2015,327527.0,0.0
3952,177,192,160,2015,200777.0,211944.0
3953,177,197,160,2015,0.0,64940.0
3954,177,205,160,2015,0.0,1167.0
3955,177,206,160,2015,51692573.0,139428435.0
3956,177,207,160,2015,2089028.0,6995582.0
3957,177,208,160,2015,71193346.0,25170492.0
3958,177,216,160,2015,12202.0,1292249.0
3959,177,224,160,2015,1958118.0,226148980.0
3960,177,231,160,2015,8027326.0,967212.0
3961,177,236,160,2015,0.0,1033.0
3962,177,246,160,2015,109236.0,22657.0
3963,177,249,160,2015,159039.0,1322983.0
3964,177,250,160,2015,551324.0,380073.0
3965,177,29,160,2015,175727.0,40878.0
3966,177,59,160,2015,115699193.0,44874445.0
3967,177,124,160,2015,373757.0,48265.0
3968,177,131,160,2015,4926521.0,31852.0
3969,177,168,160,2015,6829.0,14867629.0
3970,177,2,160,2015,4361.0,0.0
3971,177,107,160,2015,10983.0,0.0
3972,177,110,160,2015,1201769.0,1576248.0
3973,177,115,160,2015,1748089.0,0.0
3974,177,128,160,2015,1400.0,11719745.0
3975,177,183,160,2015,305501.0,0.0
3976,177,212,160,2015,172241.0,3294.0
3977,177,228,160,2015,42082544.0,1803907.0
3978,177,14,160,2015,1131787.0,55842.0
3979,177,73,160,2015,0.0,817287.0
3980,177,185,160,2015,64050799.0,3631059.0
3981,177,186,160,2015,40597388.0,5322163.0
3982,177,145,160,2015,80550.0,0.0
3983,177,226,160,2015,5353.0,3376.0
3984,177,44,160,2015,5992.0,0.0
3985,177,140,160,2015,268421.0,676937.0
3986,177,134,160,2015,40267.0,10878170.0
3987,177,85,160,2015,2680.0,0.0
3988,177,239,160,2015,210015.0,14179884.0
3989,177,22,160,2015,0.0,341892820.0
3990,177,159,160,2015,8564.0,0.0
3991,177,142,160,2015,480097.0,96706.0
3992,177,237,160,2015,0.0,5901.0
3993,177,72,160,2015,18916165.0,321347.0
3994,177,123,160,2015,0.0,376580.0
3995,177,143,160,2015,0.0,4751365.0
3996,177,191,160,2015,14727.0,0.0
3997,177,16,160,2015,653477.0,0.0
3998,177,80,160,2015,1383.0,0.0
3999,177,0,160,2015,1147.0,0.0
4000,177,26,160,2015,492972.0,696236.0
4001,177,28,160,2015,7247645.0,490127.0
4002,177,68,160,2015,418232.0,5285423.0
4003,177,82,160,2015,359826.0,180723.0
4004,177,100,160,2015,5550758.0,8495053.0
4005,177,108,160,2015,27540.0,0.0
4006,177,116,160,2015,3733.0,186375.0
4007,177,117,160,2015,303956.0,0.0
4008,177,132,160,2015,30638936.0,9138352.0
4009,177,135,160,2015,507993.0,349822.0
4010,177,151,160,2015,4260.0,688126.0
4011,177,164,160,2015,1316.0,5874.0
4012,177,167,160,2015,45658.0,0.0
4013,177,201,160,2015,1186468.0,503893.0
4014,177,217,160,2015,1174082.0,0.0
4015,177,219,160,2015,41256.0,0.0
4016,177,223,160,2015,26107.0,7848734.0
4017,177,232,160,2015,4738.0,20849.0
4018,177,38,160,2015,6880.0,0.0
4019,177,211,160,2015,662.0,0.0
4020,177,227,160,2015,1139.0,0.0
4021,177,4,160,2015,59311.0,363127.0
4022,177,144,160,2015,179153.0,69735.0
4023,177,9,160,2015,424388.0,0.0
4024,177,66,160,2015,3633.0,0.0
4025,177,83,160,2015,15777.0,0.0
4026,177,178,160,2015,0.0,35206.0
4027,177,109,160,2015,287694.0,5373.0
4028,177,136,160,2015,0.0,676955.0
4029,177,37,160,2015,907.0,0.0
4030,177,45,160,2015,0.0,72642.0
4031,177,92,160,2015,1876.0,0.0
4032,177,126,160,2015,174136.0,0.0
4033,177,133,160,2015,76423.0,12414.0
4034,177,155,160,2015,0.0,34074.0
4035,177,156,160,2015,4154.0,0.0
4036,177,215,160,2015,0.0,2081.0
4037,177,247,160,2015,3826.0,0.0
4038,177,35,160,2015,0.0,26043.0
4039,177,21,160,2015,2578.0,0.0
4040,177,62,160,2015,390079.0,0.0
4041,177,129,160,2015,0.0,1724.0
4042,177,182,160,2015,1462.0,0.0
4043,177,198,160,2015,115602.0,23403.0
4044,177,78,160,2015,3379.0,0.0
4045,177,137,160,2015,6354.0,0.0
4046,177,12,160,2015,16786.0,0.0
4047,177,210,160,2015,3165.0,0.0
4048,177,7,187,2015,541906.0,1414.0
4049,177,8,187,2015,182506.0,0.0
4050,177,15,187,2015,1874103.0,259475.0
4051,177,18,187,2015,28508898.0,25567881.0
4052,177,23,187,2015,378500.0,0.0
4053,177,32,187,2015,641922.0,0.0
4054,177,33,187,2015,17568252.0,13853256.0
4055,177,39,187,2015,16607245.0,1190426.0
4056,177,41,187,2015,10982417.0,584885.0
4057,177,43,187,2015,13905098.0,31736192.0
4058,177,49,187,2015,47183.0,0.0
4059,177,52,187,2015,294951.0,0.0
4060,177,55,187,2015,2571263.0,3216762.0
4061,177,58,187,2015,145975811.0,98491330.0
4062,177,61,187,2015,155213559.0,4895588.0
4063,177,64,187,2015,95322876.0,9322872.0
4064,177,71,187,2015,10102851.0,988711.0
4065,177,74,187,2015,99414986.0,51244994.0
4066,177,77,187,2015,69046025.0,27566058.0
4067,177,81,187,2015,162718223.0,123385912.0
4068,177,90,187,2015,127947525.0,97984414.0
4069,177,93,187,2015,63114.0,0.0
4070,177,97,187,2015,128556854.0,66370854.0
4071,177,102,187,2015,1065523.0,61911.0
4072,177,103,187,2015,356169.0,0.0
4073,177,104,187,2015,10253218.0,73270.0
4074,177,106,187,2015,938090.0,4431.0
4075,177,111,187,2015,5010767.0,10082310.0
4076,177,113,187,2015,1394.0,0.0
4077,177,114,187,2015,19898029.0,5022765.0
4078,177,121,187,2015,1477955.0,0.0
4079,177,122,187,2015,148190.0,0.0
4080,177,130,187,2015,21885924.0,21066504.0
4081,177,138,187,2015,14283.0,25554.0
4082,177,153,187,2015,131980.0,0.0
4083,177,162,187,2015,121008437.0,8867634.0
4084,177,163,187,2015,968018532.0,485683041.0
4085,177,166,187,2015,174631.0,0.0
4086,177,169,187,2015,82407913.0,81405998.0
4087,177,173,187,2015,90274.0,0.0
4088,177,174,187,2015,0.0,13107774.0
4089,177,179,187,2015,338327.0,259210.0
4090,177,188,187,2015,493935.0,0.0
4091,177,192,187,2015,680575798.0,345854908.0
4092,177,205,187,2015,27173.0,0.0
4093,177,206,187,2015,440811.0,22658.0
4094,177,207,187,2015,412125.0,194073.0
4095,177,208,187,2015,17783808.0,6634507.0
4096,177,216,187,2015,152856.0,734271.0
4097,177,224,187,2015,213444625.0,176692150.0
4098,177,230,187,2015,895.0,0.0
4099,177,231,187,2015,63801689.0,17846559.0
4100,177,246,187,2015,83482.0,0.0
4101,177,249,187,2015,1322029.0,77353.0
4102,177,250,187,2015,392594240.0,111745299.0
4103,177,59,187,2015,1341621.0,243041.0
4104,177,131,187,2015,1074976.0,0.0
4105,177,2,187,2015,15549.0,0.0
4106,177,25,187,2015,823008877.0,250702656.0
4107,177,110,187,2015,105899.0,3193476.0
4108,177,115,187,2015,1228442.0,0.0
4109,177,183,187,2015,74197.0,0.0
4110,177,228,187,2015,325512.0,619733.0
4111,177,13,187,2015,110276109.0,99489936.0
4112,177,14,187,2015,1645087.0,438908.0
4113,177,185,187,2015,1416680.0,3622442.0
4114,177,186,187,2015,225371924.0,209719879.0
4115,177,44,187,2015,23869.0,0.0
4116,177,140,187,2015,18538.0,0.0
4117,177,134,187,2015,178224.0,0.0
4118,177,239,187,2015,23736404.0,0.0
4119,177,22,187,2015,5128503.0,9508.0
4120,177,159,187,2015,665459.0,0.0
4121,177,142,187,2015,4497309.0,0.0
4122,177,237,187,2015,5021408.0,0.0
4123,177,72,187,2015,369544.0,15604.0
4124,177,234,187,2015,26804116.0,4829833.0
4125,177,120,187,2015,0.0,16000236.0
4126,177,16,187,2015,9813.0,0.0
4127,177,28,187,2015,217114.0,15790.0
4128,177,68,187,2015,40321.0,0.0
4129,177,82,187,2015,2102.0,0.0
4130,177,100,187,2015,43035012.0,35055658.0
4131,177,132,187,2015,199628.0,54384.0
4132,177,135,187,2015,15268.0,0.0
4133,177,151,187,2015,48739.0,0.0
4134,177,167,187,2015,70462.0,89739.0
4135,177,201,187,2015,642677.0,0.0
4136,177,217,187,2015,220892.0,0.0
4137,177,219,187,2015,659057.0,0.0
4138,177,223,187,2015,57290.0,0.0
4139,177,232,187,2015,17947.0,0.0
4140,177,144,187,2015,65049.0,0.0
4141,177,66,187,2015,895080.0,0.0
4142,177,46,187,2015,8111.0,0.0
4143,177,139,187,2015,74423442.0,177798788.0
4144,177,109,187,2015,4407640.0,402146.0
4145,177,87,187,2015,5085.0,0.0
4146,177,47,187,2015,113673.0,0.0
4147,177,51,187,2015,1081.0,0.0
4148,177,84,187,2015,16147775.0,14715636.0
4149,177,92,187,2015,40967.0,0.0
4150,177,125,187,2015,255320184.0,222954464.0
4151,177,156,187,2015,102798.0,0.0
4152,177,57,187,2015,47411134.0,39200094.0
4153,177,62,187,2015,57740.0,0.0
4154,177,240,187,2015,2144784.0,1289478.0
4155,177,182,187,2015,10395.0,0.0
4156,177,48,187,2015,1367624.0,1831905.0
4157,177,78,187,2015,4815928.0,3936943.0
4158,177,95,187,2015,26708.0,0.0
4159,177,11,187,2015,53794.0,0.0
4160,177,7,124,2015,87409.0,3790.0
4161,177,8,124,2015,26544.0,0.0
4162,177,15,124,2015,3428280.0,10534574.0
4163,177,18,124,2015,5282820.0,4231025.0
4164,177,23,124,2015,385373.0,1190577.0
4165,177,32,124,2015,3324268.0,4771997.0
4166,177,39,124,2015,27717.0,628317.0
4167,177,41,124,2015,10018184.0,141644.0
4168,177,42,124,2015,37573.0,15800.0
4169,177,43,124,2015,268125.0,13704611.0
4170,177,49,124,2015,0.0,68117.0
4171,177,58,124,2015,27588.0,0.0
4172,177,61,124,2015,59128778.0,120308050.0
4173,177,64,124,2015,1528121.0,16441708.0
4174,177,67,124,2015,166290.0,0.0
4175,177,71,124,2015,2557957.0,9173260.0
4176,177,74,124,2015,6679648.0,4610944.0
4177,177,77,124,2015,2148176.0,11326344.0
4178,177,81,124,2015,2380217.0,9987816.0
4179,177,90,124,2015,451101.0,2135070.0
4180,177,97,124,2015,4338299.0,4562.0
4181,177,102,124,2015,5336267.0,2122713.0
4182,177,103,124,2015,1228.0,11412.0
4183,177,104,124,2015,191953.0,8578578.0
4184,177,106,124,2015,116719.0,82034.0
4185,177,111,124,2015,18147851.0,11960571.0
4186,177,113,124,2015,2221.0,13375.0
4187,177,114,124,2015,135038.0,1887516.0
4188,177,121,124,2015,30830.0,192098.0
4189,177,130,124,2015,7902429.0,8145111.0
4190,177,138,124,2015,400534.0,542636.0
4191,177,153,124,2015,154978.0,0.0
4192,177,160,124,2015,4770.0,0.0
4193,177,162,124,2015,4884920.0,17556391.0
4194,177,163,124,2015,652474.0,17664139.0
4195,177,169,124,2015,1353.0,0.0
4196,177,173,124,2015,15961.0,285624.0
4197,177,174,124,2015,0.0,15370.0
4198,177,179,124,2015,225127.0,539572.0
4199,177,188,124,2015,2500.0,127030.0
4200,177,192,124,2015,2419.0,0.0
4201,177,206,124,2015,16819270.0,33983462.0
4202,177,207,124,2015,2462790.0,2302305.0
4203,177,208,124,2015,3428134.0,21156479.0
4204,177,216,124,2015,116688.0,10477.0
4205,177,224,124,2015,944038.0,9711583.0
4206,177,231,124,2015,1094835.0,3545972.0
4207,177,236,124,2015,2498.0,0.0
4208,177,246,124,2015,196810.0,12059423.0
4209,177,249,124,2015,39294.0,75304.0
4210,177,250,124,2015,0.0,41789.0
4211,177,59,124,2015,32460466.0,34838798.0
4212,177,124,124,2015,8162.0,0.0
4213,177,131,124,2015,134275.0,256125.0
4214,177,168,124,2015,0.0,569409.0
4215,177,2,124,2015,29062.0,3176380.0
4216,177,107,124,2015,10692.0,10399.0
4217,177,110,124,2015,6116178.0,15946967.0
4218,177,115,124,2015,224291.0,735.0
4219,177,183,124,2015,13269.0,0.0
4220,177,228,124,2015,14794938.0,24989375.0
4221,177,14,124,2015,7437.0,2522913.0
4222,177,73,124,2015,1312.0,0.0
4223,177,185,124,2015,2656697.0,234456.0
4224,177,186,124,2015,15877917.0,1969407.0
4225,177,145,124,2015,4526.0,0.0
4226,177,226,124,2015,1864.0,0.0
4227,177,44,124,2015,3290.0,0.0
4228,177,140,124,2015,70195.0,276202.0
4229,177,134,124,2015,37378762.0,29083470.0
4230,177,239,124,2015,2660.0,45840.0
4231,177,159,124,2015,466006.0,0.0
4232,177,72,124,2015,1277926.0,676284.0
4233,177,191,124,2015,3095744.0,18960910.0
4234,177,16,124,2015,54879.0,0.0
4235,177,80,124,2015,11509.0,0.0
4236,177,26,124,2015,88998.0,0.0
4237,177,28,124,2015,8924472.0,9331998.0
4238,177,68,124,2015,63715.0,2964805.0
4239,177,82,124,2015,45355.0,185779.0
4240,177,100,124,2015,193168.0,1026746.0
4241,177,116,124,2015,6849.0,0.0
4242,177,132,124,2015,2037695.0,15396.0
4243,177,135,124,2015,214304.0,7041.0
4244,177,167,124,2015,45708.0,0.0
4245,177,201,124,2015,593664.0,291266.0
4246,177,219,124,2015,55327.0,0.0
4247,177,223,124,2015,8234.0,22762.0
4248,177,38,124,2015,4233.0,0.0
4249,177,211,124,2015,1562.0,0.0
4250,177,227,124,2015,0.0,16791.0
4251,177,4,124,2015,0.0,3526.0
4252,177,144,124,2015,13678.0,0.0
4253,177,248,124,2015,0.0,1085482.0
4254,177,9,124,2015,8303.0,0.0
4255,177,66,124,2015,146308.0,31057496.0
4256,177,46,124,2015,99075.0,0.0
4257,177,178,124,2015,3903.0,0.0
4258,177,109,124,2015,0.0,163264.0
4259,177,136,124,2015,2641.0,0.0
4260,177,34,124,2015,3969.0,0.0
4261,177,89,124,2015,4020.0,0.0
4262,177,126,124,2015,23100.0,0.0
4263,177,215,124,2015,3973.0,0.0
4264,177,247,124,2015,0.0,149875.0
4265,177,78,124,2015,0.0,6200.0
4266,177,11,124,2015,7668.0,0.0
4267,177,7,147,2015,17066715.0,83545.0
4268,177,8,147,2015,4155632.0,52630.0
4269,177,15,147,2015,81067181.0,235903756.0
4270,177,18,147,2015,92535221.0,77916530.0
4271,177,23,147,2015,24909031.0,3358797.0
4272,177,24,147,2015,1106703.0,0.0
4273,177,32,147,2015,5058031.0,934209.0
4274,177,33,147,2015,7539.0,0.0
4275,177,39,147,2015,3025739.0,1781014.0
4276,177,41,147,2015,44459781.0,41631789.0
4277,177,42,147,2015,1945276.0,4238.0
4278,177,43,147,2015,9584041.0,67055162.0
4279,177,49,147,2015,3187364.0,9386.0
4280,177,52,147,2015,37800.0,7292.0
4281,177,58,147,2015,634844.0,18289.0
4282,177,61,147,2015,1327046317.0,1709149407.0
4283,177,64,147,2015,94019975.0,25323040.0
4284,177,65,147,2015,232118.0,0.0
4285,177,67,147,2015,41537.0,1071906.0
4286,177,71,147,2015,87752606.0,40078835.0
4287,177,74,147,2015,26623575.0,266928957.0
4288,177,77,147,2015,216524576.0,213388805.0
4289,177,81,147,2015,208755338.0,99006666.0
4290,177,90,147,2015,16722077.0,4174399.0
4291,177,93,147,2015,35615.0,38290.0
4292,177,97,147,2015,394309.0,865788.0
4293,177,99,147,2015,59441.0,0.0
4294,177,102,147,2015,115183140.0,107494644.0
4295,177,103,147,2015,381378.0,2596917.0
4296,177,104,147,2015,11684039.0,1102786.0
4297,177,106,147,2015,10163784.0,2340971.0
4298,177,111,147,2015,142020624.0,259325768.0
4299,177,112,147,2015,46319.0,0.0
4300,177,113,147,2015,504944.0,513.0
4301,177,114,147,2015,1017750.0,5426578.0
4302,177,118,147,2015,246126.0,18877.0
4303,177,121,147,2015,7383849.0,13222462.0
4304,177,122,147,2015,5793560.0,0.0
4305,177,130,147,2015,110257492.0,35711314.0
4306,177,138,147,2015,4116917.0,347632.0
4307,177,153,147,2015,2730139.0,176060.0
4308,177,160,147,2015,666.0,16475.0
4309,177,162,147,2015,165691083.0,182041806.0
4310,177,163,147,2015,20371100.0,25005267.0
4311,177,166,147,2015,3076317.0,39835.0
4312,177,169,147,2015,49059.0,0.0
4313,177,173,147,2015,1690594.0,0.0
4314,177,174,147,2015,1921649.0,0.0
4315,177,179,147,2015,21905131.0,8213103.0
4316,177,180,147,2015,73005.0,0.0
4317,177,188,147,2015,23062041.0,16508.0
4318,177,190,147,2015,370198.0,0.0
4319,177,192,147,2015,4038407.0,122438.0
4320,177,197,147,2015,33456.0,10391.0
4321,177,206,147,2015,102651927.0,98965872.0
4322,177,207,147,2015,16760571.0,15402142.0
4323,177,208,147,2015,155132635.0,310062413.0
4324,177,216,147,2015,6309016.0,574063.0
4325,177,222,147,2015,176973.0,0.0
4326,177,224,147,2015,97990502.0,7283109.0
4327,177,230,147,2015,308412.0,0.0
4328,177,231,147,2015,17228458.0,23484743.0
4329,177,236,147,2015,544112.0,0.0
4330,177,246,147,2015,52893019.0,607247.0
4331,177,249,147,2015,704691.0,995119.0
4332,177,250,147,2015,98769.0,18584158.0
4333,177,29,147,2015,2666.0,0.0
4334,177,59,147,2015,246336166.0,284042310.0
4335,177,124,147,2015,4253851.0,732.0
4336,177,131,147,2015,3539691.0,16523567.0
4337,177,168,147,2015,4697947.0,57599.0
4338,177,243,147,2015,13638.0,0.0
4339,177,2,147,2015,13094.0,0.0
4340,177,107,147,2015,822941.0,0.0
4341,177,110,147,2015,62076227.0,412999.0
4342,177,115,147,2015,19319992.0,0.0
4343,177,128,147,2015,6249454.0,1010837.0
4344,177,183,147,2015,1330695.0,1156.0
4345,177,212,147,2015,47552.0,4785.0
4346,177,228,147,2015,160581846.0,24025088.0
4347,177,14,147,2015,6782790.0,418979.0
4348,177,54,147,2015,17888.0,0.0
4349,177,73,147,2015,9786.0,0.0
4350,177,185,147,2015,103074471.0,13577356.0
4351,177,186,147,2015,339769133.0,21565123.0
4352,177,31,147,2015,952.0,0.0
4353,177,145,147,2015,549548.0,0.0
4354,177,226,147,2015,399976.0,0.0
4355,177,44,147,2015,4102742.0,18241.0
4356,177,140,147,2015,3193017.0,12546.0
4357,177,134,147,2015,5590650.0,72214.0
4358,177,239,147,2015,479495.0,216453.0
4359,177,22,147,2015,4132307.0,2722.0
4360,177,159,147,2015,6097935.0,0.0
4361,177,142,147,2015,414254.0,1128.0
4362,177,72,147,2015,21211104.0,8977572.0
4363,177,19,147,2015,503691.0,0.0
4364,177,181,147,2015,19584.0,0.0
4365,177,143,147,2015,2360.0,0.0
4366,177,191,147,2015,1400847.0,0.0
4367,177,16,147,2015,3976446.0,0.0
4368,177,80,147,2015,2258.0,0.0
4369,177,26,147,2015,11727698.0,1915242.0
4370,177,28,147,2015,53549421.0,8567421.0
4371,177,68,147,2015,9307550.0,139871.0
4372,177,82,147,2015,2431505.0,8552.0
4373,177,100,147,2015,30653057.0,1417102.0
4374,177,108,147,2015,171446.0,0.0
4375,177,116,147,2015,3403899.0,0.0
4376,177,117,147,2015,2289446.0,0.0
4377,177,132,147,2015,59767039.0,6817281.0
4378,177,135,147,2015,8588867.0,69978.0
4379,177,151,147,2015,59851.0,0.0
4380,177,152,147,2015,89732.0,0.0
4381,177,164,147,2015,0.0,976.0
4382,177,167,147,2015,2088901.0,0.0
4383,177,201,147,2015,53232669.0,38826670.0
4384,177,217,147,2015,327627.0,28156.0
4385,177,219,147,2015,585164.0,0.0
4386,177,223,147,2015,3170413.0,57626.0
4387,177,232,147,2015,3811428.0,0.0
4388,177,211,147,2015,600.0,0.0
4389,177,227,147,2015,999814.0,0.0
4390,177,4,147,2015,2698248.0,28656.0
4391,177,144,147,2015,2594327.0,0.0
4392,177,9,147,2015,4065937.0,0.0
4393,177,66,147,2015,5107159.0,0.0
4394,177,83,147,2015,2364555.0,0.0
4395,177,148,147,2015,3636.0,0.0
4396,177,109,147,2015,565266.0,0.0
4397,177,136,147,2015,66391.0,0.0
4398,177,34,147,2015,7691.0,0.0
4399,177,87,147,2015,180725.0,0.0
4400,177,45,147,2015,310931.0,0.0
4401,177,47,147,2015,81910.0,0.0
4402,177,92,147,2015,7805.0,0.0
4403,177,126,147,2015,260733.0,0.0
4404,177,133,147,2015,16129.0,0.0
4405,177,155,147,2015,0.0,1745.0
4406,177,156,147,2015,29787.0,0.0
4407,177,157,147,2015,1048.0,0.0
4408,177,215,147,2015,1286633.0,0.0
4409,177,247,147,2015,231319.0,0.0
4410,177,5,147,2015,209917.0,0.0
4411,177,101,147,2015,121636.0,0.0
4412,177,182,147,2015,5973.0,0.0
4413,177,198,147,2015,7334.0,14470.0
4414,177,48,147,2015,12959.0,0.0
4415,177,137,147,2015,56027.0,0.0
4416,177,12,147,2015,1036.0,0.0
4417,177,210,147,2015,1151.0,0.0
4418,177,11,147,2015,2074.0,0.0
4419,177,1,172,2015,32075.0,0.0
4420,177,7,172,2015,16382788.0,1124233.0
4421,177,8,172,2015,4860441.0,984839.0
4422,177,15,172,2015,104124192.0,114981848.0
4423,177,18,172,2015,172253506.0,83150232.0
4424,177,23,172,2015,17096374.0,12456064.0
4425,177,24,172,2015,477555.0,0.0
4426,177,32,172,2015,10240002.0,986628.0
4427,177,33,172,2015,8883.0,0.0
4428,177,39,172,2015,29851859.0,4772838.0
4429,177,41,172,2015,54506300.0,54170679.0
4430,177,42,172,2015,1180709.0,4186.0
4431,177,43,172,2015,42101648.0,325698915.0
4432,177,49,172,2015,1112821.0,979.0
4433,177,52,172,2015,85347.0,0.0
4434,177,58,172,2015,4092907.0,13810.0
4435,177,61,172,2015,1991206942.0,1530354641.0
4436,177,64,172,2015,194378971.0,72959104.0
4437,177,65,172,2015,431579.0,0.0
4438,177,67,172,2015,44385.0,7953.0
4439,177,71,172,2015,74574223.0,263882598.0
4440,177,74,172,2015,80933313.0,22178270.0
4441,177,77,172,2015,266854461.0,177617345.0
4442,177,81,172,2015,257745395.0,86476199.0
4443,177,90,172,2015,4545012.0,2180893.0
4444,177,93,172,2015,11716.0,0.0
4445,177,96,172,2015,13773.0,0.0
4446,177,97,172,2015,425886.0,1187573.0
4447,177,99,172,2015,3498.0,0.0
4448,177,102,172,2015,114162047.0,67919461.0
4449,177,103,172,2015,3856183.0,2868508.0
4450,177,104,172,2015,6793103.0,39263163.0
4451,177,106,172,2015,18798298.0,2301940.0
4452,177,111,172,2015,133788144.0,571244025.0
4453,177,112,172,2015,47153.0,7453.0
4454,177,113,172,2015,1679853.0,0.0
4455,177,114,172,2015,8793227.0,31822347.0
4456,177,118,172,2015,984756.0,313158.0
4457,177,121,172,2015,20371995.0,45496893.0
4458,177,122,172,2015,2047260.0,3828.0
4459,177,130,172,2015,104902131.0,9860682.0
4460,177,138,172,2015,13962024.0,4921651.0
4461,177,153,172,2015,3071902.0,3948162.0
4462,177,160,172,2015,106487.0,0.0
4463,177,162,172,2015,239308591.0,132256079.0
4464,177,163,172,2015,264679350.0,25995463.0
4465,177,166,172,2015,1761785.0,819109.0
4466,177,169,172,2015,930359.0,0.0
4467,177,173,172,2015,833945.0,17652.0
4468,177,174,172,2015,901227.0,400252.0
4469,177,179,172,2015,6976135.0,15488437.0
4470,177,180,172,2015,101706.0,0.0
4471,177,188,172,2015,8548738.0,129149.0
4472,177,190,172,2015,548432.0,0.0
4473,177,192,172,2015,12880400.0,667338.0
4474,177,197,172,2015,6028.0,0.0
4475,177,205,172,2015,424557.0,0.0
4476,177,206,172,2015,138296674.0,162538611.0
4477,177,207,172,2015,10787630.0,11878394.0
4478,177,208,172,2015,265102109.0,100169048.0
4479,177,216,172,2015,1034013.0,6374688.0
4480,177,222,172,2015,23983.0,0.0
4481,177,224,172,2015,36383939.0,68137452.0
4482,177,230,172,2015,133816.0,0.0
4483,177,231,172,2015,87405280.0,50271396.0
4484,177,236,172,2015,343003.0,0.0
4485,177,246,172,2015,9341220.0,452421.0
4486,177,249,172,2015,1815199.0,66991373.0
4487,177,250,172,2015,674805.0,57087355.0
4488,177,29,172,2015,44240.0,0.0
4489,177,59,172,2015,309441132.0,399494612.0
4490,177,124,172,2015,918746.0,2354.0
4491,177,131,172,2015,9383054.0,9532391.0
4492,177,168,172,2015,419893.0,99017.0
4493,177,2,172,2015,2196240.0,0.0
4494,177,25,172,2015,337371.0,0.0
4495,177,107,172,2015,398147.0,5447.0
4496,177,110,172,2015,5880050.0,6568409.0
4497,177,115,172,2015,19561693.0,291064.0
4498,177,128,172,2015,436573.0,10200.0
4499,177,183,172,2015,4012007.0,0.0
4500,177,203,172,2015,0.0,1639.0
4501,177,212,172,2015,3097.0,0.0
4502,177,228,172,2015,64839537.0,51539266.0
4503,177,13,172,2015,13329.0,0.0
4504,177,14,172,2015,6287097.0,231335.0
4505,177,54,172,2015,26597.0,0.0
4506,177,73,172,2015,2993355.0,3158.0
4507,177,185,172,2015,92900104.0,56253570.0
4508,177,186,172,2015,156700747.0,19823597.0
4509,177,31,172,2015,243079.0,0.0
4510,177,145,172,2015,562476.0,0.0
4511,177,226,172,2015,340241.0,0.0
4512,177,44,172,2015,276900.0,0.0
4513,177,140,172,2015,2959103.0,2380176.0
4514,177,134,172,2015,3934508.0,13843.0
4515,177,85,172,2015,83907.0,1429.0
4516,177,239,172,2015,6056393.0,41916257.0
4517,177,22,172,2015,72444.0,6495.0
4518,177,159,172,2015,7661772.0,0.0
4519,177,142,172,2015,250161.0,193118.0
4520,177,237,172,2015,9298.0,0.0
4521,177,63,172,2015,2263.0,0.0
4522,177,72,172,2015,42664761.0,5688973.0
4523,177,19,172,2015,544416.0,0.0
4524,177,181,172,2015,13870.0,0.0
4525,177,123,172,2015,1338.0,0.0
4526,177,143,172,2015,2324907.0,0.0
4527,177,191,172,2015,529828.0,0.0
4528,177,16,172,2015,8023929.0,0.0
4529,177,80,172,2015,554988.0,5488.0
4530,177,0,172,2015,6364.0,0.0
4531,177,10,172,2015,0.0,4103.0
4532,177,26,172,2015,6830852.0,913400.0
4533,177,28,172,2015,48221923.0,19185974.0
4534,177,68,172,2015,4682760.0,203700.0
4535,177,82,172,2015,1479293.0,351381.0
4536,177,100,172,2015,15419905.0,11603143.0
4537,177,108,172,2015,24790664.0,0.0
4538,177,116,172,2015,1608936.0,3746.0
4539,177,117,172,2015,689577.0,0.0
4540,177,132,172,2015,39059229.0,13501111.0
4541,177,135,172,2015,5356902.0,38226.0
4542,177,147,172,2015,156087.0,0.0
4543,177,151,172,2015,119391.0,0.0
4544,177,152,172,2015,286465.0,0.0
4545,177,167,172,2015,1725917.0,6772.0
4546,177,201,172,2015,14556328.0,12134891.0
4547,177,217,172,2015,371438.0,0.0
4548,177,219,172,2015,1184985.0,0.0
4549,177,223,172,2015,1582524.0,5625996.0
4550,177,232,172,2015,3272514.0,0.0
4551,177,211,172,2015,59298.0,0.0
4552,177,227,172,2015,280353.0,20444.0
4553,177,4,172,2015,121089.0,0.0
4554,177,144,172,2015,364131.0,3817.0
4555,177,248,172,2015,14714.0,0.0
4556,177,9,172,2015,5225145.0,0.0
4557,177,66,172,2015,6957673.0,0.0
4558,177,83,172,2015,384136.0,0.0
4559,177,46,172,2015,31491.0,0.0
4560,177,141,172,2015,469630.0,0.0
4561,177,178,172,2015,44303.0,2319.0
4562,177,148,172,2015,36605.0,0.0
4563,177,109,172,2015,7008640.0,10401.0
4564,177,136,172,2015,60780.0,0.0
4565,177,220,172,2015,418967.0,0.0
4566,177,34,172,2015,9422.0,0.0
4567,177,214,172,2015,39148.0,0.0
4568,177,37,172,2015,5112.0,0.0
4569,177,45,172,2015,228676.0,0.0
4570,177,47,172,2015,4231621.0,0.0
4571,177,89,172,2015,107705.0,0.0
4572,177,92,172,2015,58151.0,0.0
4573,177,125,172,2015,461125.0,0.0
4574,177,126,172,2015,7080.0,0.0
4575,177,155,172,2015,140923.0,6809.0
4576,177,156,172,2015,49701.0,0.0
4577,177,157,172,2015,46630.0,0.0
4578,177,215,172,2015,653797.0,0.0
4579,177,247,172,2015,45176.0,0.0
4580,177,5,172,2015,15733.0,0.0
4581,177,57,172,2015,546765.0,0.0
4582,177,21,172,2015,188016.0,0.0
4583,177,199,172,2015,7287.0,0.0
4584,177,240,172,2015,306518.0,0.0
4585,177,182,172,2015,3724.0,0.0
4586,177,78,172,2015,1801440.0,0.0
4587,177,137,172,2015,378519.0,0.0
4588,177,12,172,2015,4404.0,0.0
4589,177,11,172,2015,6713.0,0.0
4590,177,7,141,2015,706642.0,95772.0
4591,177,8,141,2015,0.0,2637.0
4592,177,15,141,2015,12591964.0,5855920.0
4593,177,18,141,2015,5041861.0,15357729.0
4594,177,23,141,2015,13601604.0,618434.0
4595,177,24,141,2015,17819.0,0.0
4596,177,32,141,2015,154789.0,8546.0
4597,177,39,141,2015,356500.0,799849.0
4598,177,41,141,2015,1943317.0,417682.0
4599,177,42,141,2015,19267.0,0.0
4600,177,43,141,2015,1640241.0,195750488.0
4601,177,49,141,2015,1397.0,2310.0
4602,177,52,141,2015,2838.0,0.0
4603,177,58,141,2015,234589.0,2876.0
4604,177,61,141,2015,127485499.0,145355527.0
4605,177,64,141,2015,3629506.0,3876378.0
4606,177,65,141,2015,0.0,1059.0
4607,177,71,141,2015,6139948.0,28190312.0
4608,177,74,141,2015,2145525.0,158217.0
4609,177,77,141,2015,10446354.0,28049241.0
4610,177,81,141,2015,13520560.0,17105565.0
4611,177,90,141,2015,1726102.0,339338.0
4612,177,93,141,2015,9117.0,10780.0
4613,177,96,141,2015,1069.0,0.0
4614,177,97,141,2015,612047.0,2225651.0
4615,177,102,141,2015,29393935.0,33581021.0
4616,177,103,141,2015,4662.0,351811.0
4617,177,104,141,2015,82659.0,14905475.0
4618,177,106,141,2015,711613.0,530929.0
4619,177,111,141,2015,9333706.0,48410985.0
4620,177,113,141,2015,6884.0,0.0
4621,177,114,141,2015,1776445.0,33025.0
4622,177,118,141,2015,64153.0,898535.0
4623,177,121,141,2015,1048786.0,1157771.0
4624,177,122,141,2015,91045.0,0.0
4625,177,130,141,2015,4613640.0,436507.0
4626,177,138,141,2015,84993.0,73964.0
4627,177,153,141,2015,12953.0,18768.0
4628,177,162,141,2015,17458540.0,37189564.0
4629,177,163,141,2015,3435373.0,120449.0
4630,177,166,141,2015,67919.0,965.0
4631,177,169,141,2015,0.0,13670.0
4632,177,173,141,2015,43366.0,5374.0
4633,177,174,141,2015,4589.0,883093.0
4634,177,179,141,2015,19368855.0,3600255.0
4635,177,188,141,2015,423428.0,3567.0
4636,177,192,141,2015,533599.0,48064.0
4637,177,197,141,2015,353.0,0.0
4638,177,205,141,2015,1470.0,0.0
4639,177,206,141,2015,11596628.0,37831261.0
4640,177,207,141,2015,1645401.0,380715.0
4641,177,208,141,2015,7270699.0,6760699.0
4642,177,216,141,2015,13863.0,2119218.0
4643,177,224,141,2015,13456245.0,2864829.0
4644,177,230,141,2015,1409.0,3604190.0
4645,177,231,141,2015,3667656.0,795565.0
4646,177,246,141,2015,125818.0,8342015.0
4647,177,249,141,2015,86525.0,346309.0
4648,177,250,141,2015,885568.0,3232009.0
4649,177,59,141,2015,18524110.0,18777381.0
4650,177,124,141,2015,66427.0,0.0
4651,177,131,141,2015,340376.0,75517.0
4652,177,168,141,2015,273748.0,9595867.0
4653,177,2,141,2015,7516.0,0.0
4654,177,25,141,2015,1657.0,0.0
4655,177,107,141,2015,8486.0,0.0
4656,177,110,141,2015,169195.0,182751.0
4657,177,115,141,2015,447285.0,1099.0
4658,177,128,141,2015,0.0,350751.0
4659,177,183,141,2015,79212.0,0.0
4660,177,212,141,2015,1020.0,0.0
4661,177,228,141,2015,5963868.0,4180233.0
4662,177,14,141,2015,1250539.0,2553054.0
4663,177,73,141,2015,1534.0,0.0
4664,177,185,141,2015,37021796.0,16001138.0
4665,177,186,141,2015,5949638.0,1560614.0
4666,177,31,141,2015,3402.0,0.0
4667,177,145,141,2015,26758.0,0.0
4668,177,226,141,2015,18482.0,0.0
4669,177,44,141,2015,5636.0,0.0
4670,177,140,141,2015,74361.0,16536.0
4671,177,134,141,2015,592196.0,154252.0
4672,177,239,141,2015,82459.0,8670822.0
4673,177,22,141,2015,0.0,1610593.0
4674,177,159,141,2015,7878.0,0.0
4675,177,142,141,2015,109055.0,2767.0
4676,177,72,141,2015,1527473.0,112728.0
4677,177,19,141,2015,25123.0,0.0
4678,177,191,141,2015,8240.0,0.0
4679,177,16,141,2015,72425.0,0.0
4680,177,26,141,2015,7086402.0,428288.0
4681,177,28,141,2015,1030685.0,64789.0
4682,177,68,141,2015,107135.0,31994.0
4683,177,82,141,2015,184394.0,1084.0
4684,177,100,141,2015,1705485.0,2148861.0
4685,177,108,141,2015,18043.0,0.0
4686,177,116,141,2015,8554.0,0.0
4687,177,117,141,2015,12911.0,0.0
4688,177,132,141,2015,2067036.0,55012.0
4689,177,135,141,2015,805799.0,50745.0
4690,177,151,141,2015,10479.0,15366.0
4691,177,152,141,2015,4836.0,0.0
4692,177,167,141,2015,21625.0,0.0
4693,177,187,141,2015,2222.0,0.0
4694,177,201,141,2015,2731237.0,181509.0
4695,177,223,141,2015,165302.0,1594328.0
4696,177,211,141,2015,996.0,0.0
4697,177,227,141,2015,8117.0,0.0
4698,177,4,141,2015,22497.0,3649.0
4699,177,144,141,2015,42240.0,0.0
4700,177,248,141,2015,790.0,0.0
4701,177,9,141,2015,15264.0,2178.0
4702,177,66,141,2015,11384.0,1973.0
4703,177,17,141,2015,990.0,0.0
4704,177,83,141,2015,72433.0,0.0
4705,177,46,141,2015,6040.0,0.0
4706,177,109,141,2015,95233.0,0.0
4707,177,136,141,2015,499.0,0.0
4708,177,34,141,2015,8097.0,0.0
4709,177,87,141,2015,10104.0,0.0
4710,177,37,141,2015,727.0,0.0
4711,177,45,141,2015,47423.0,0.0
4712,177,47,141,2015,2486.0,0.0
4713,177,126,141,2015,2988.0,0.0
4714,177,133,141,2015,94860.0,0.0
4715,177,155,141,2015,0.0,1931.0
4716,177,156,141,2015,772.0,0.0
4717,177,157,141,2015,7465.0,0.0
4718,177,196,141,2015,138118.0,0.0
4719,177,215,141,2015,33143.0,0.0
4720,177,247,141,2015,1127.0,0.0
4721,177,5,141,2015,7136.0,0.0
4722,177,198,141,2015,10871.0,4915.0
4723,177,1,162,2015,11284.0,0.0
4724,177,7,162,2015,3793035.0,261979.0
4725,177,8,162,2015,26562.0,2175.0
4726,177,15,162,2015,10147647.0,25482700.0
4727,177,18,162,2015,22116168.0,9372915.0
4728,177,23,162,2015,3082833.0,1888489.0
4729,177,24,162,2015,228087.0,0.0
4730,177,32,162,2015,30405.0,13320.0
4731,177,39,162,2015,1150033.0,176096.0
4732,177,41,162,2015,7024049.0,5867202.0
4733,177,42,162,2015,142986.0,0.0
4734,177,43,162,2015,4438338.0,167147515.0
4735,177,49,162,2015,14224.0,1754.0
4736,177,52,162,2015,2882.0,9043.0
4737,177,58,162,2015,61791.0,3244.0
4738,177,61,162,2015,349292228.0,228457397.0
4739,177,64,162,2015,39065010.0,11750743.0
4740,177,65,162,2015,6074.0,0.0
4741,177,67,162,2015,11297.0,0.0
4742,177,71,162,2015,10777814.0,9768459.0
4743,177,74,162,2015,3199960.0,1187374.0
4744,177,77,162,2015,30442496.0,18756950.0
4745,177,81,162,2015,21228954.0,69217475.0
4746,177,90,162,2015,1000941.0,422380.0
4747,177,93,162,2015,1246.0,0.0
4748,177,96,162,2015,1186.0,0.0
4749,177,97,162,2015,1771898.0,559170.0
4750,177,99,162,2015,7249.0,0.0
4751,177,102,162,2015,19528141.0,1618885.0
4752,177,103,162,2015,95633.0,261818.0
4753,177,104,162,2015,2898195.0,22591524.0
4754,177,106,162,2015,988288.0,1197149.0
4755,177,111,162,2015,10064700.0,7324027.0
4756,177,113,162,2015,1060933.0,0.0
4757,177,114,162,2015,270568.0,125445.0
4758,177,118,162,2015,0.0,441653.0
4759,177,121,162,2015,662057.0,1596649.0
4760,177,122,162,2015,368186.0,2228.0
4761,177,130,162,2015,7528056.0,4070969.0
4762,177,138,162,2015,121554.0,458292.0
4763,177,153,162,2015,490119.0,159541.0
4764,177,160,162,2015,21662.0,0.0
4765,177,162,162,2015,59836988.0,23292523.0
4766,177,163,162,2015,12241013.0,7416666.0
4767,177,166,162,2015,183519.0,0.0
4768,177,169,162,2015,855125.0,2913.0
4769,177,173,162,2015,5377.0,4784.0
4770,177,174,162,2015,198822.0,62928.0
4771,177,179,162,2015,599394.0,2402480.0
4772,177,188,162,2015,230962.0,0.0
4773,177,190,162,2015,11754.0,0.0
4774,177,192,162,2015,466975.0,96779.0
4775,177,197,162,2015,31983.0,11321.0
4776,177,205,162,2015,3936.0,0.0
4777,177,206,162,2015,25388222.0,6025221.0
4778,177,207,162,2015,2883364.0,327467.0
4779,177,208,162,2015,23832165.0,10817649.0
4780,177,216,162,2015,337503.0,1626728.0
4781,177,222,162,2015,9543.0,0.0
4782,177,224,162,2015,2843351.0,27483075.0
4783,177,230,162,2015,6728.0,0.0
4784,177,231,162,2015,6131562.0,5553460.0
4785,177,246,162,2015,316857.0,21407.0
4786,177,249,162,2015,653660.0,845011.0
4787,177,250,162,2015,925559.0,4169812.0
4788,177,29,162,2015,45260.0,0.0
4789,177,59,162,2015,33795719.0,19229755.0
4790,177,124,162,2015,1407041.0,5458.0
4791,177,131,162,2015,1277803.0,111488.0
4792,177,168,162,2015,5853713.0,49897019.0
4793,177,2,162,2015,1356830.0,0.0
4794,177,107,162,2015,19659.0,4016.0
4795,177,110,162,2015,781388.0,78040.0
4796,177,115,162,2015,1475636.0,12889.0
4797,177,128,162,2015,0.0,38737.0
4798,177,183,162,2015,290638.0,11181.0
4799,177,212,162,2015,6355.0,0.0
4800,177,228,162,2015,35938564.0,3767962.0
4801,177,14,162,2015,328967.0,281564.0
4802,177,54,162,2015,4104.0,0.0
4803,177,73,162,2015,0.0,105467.0
4804,177,185,162,2015,18205642.0,66405544.0
4805,177,186,162,2015,23224163.0,974985.0
4806,177,31,162,2015,1903.0,0.0
4807,177,145,162,2015,2703.0,0.0
4808,177,226,162,2015,4359666.0,0.0
4809,177,44,162,2015,604019.0,0.0
4810,177,140,162,2015,124874.0,74959.0
4811,177,134,162,2015,215339.0,675374.0
4812,177,85,162,2015,54433.0,0.0
4813,177,239,162,2015,184689.0,10524294.0
4814,177,22,162,2015,0.0,15555548.0
4815,177,159,162,2015,1301643.0,0.0
4816,177,142,162,2015,52345.0,648088.0
4817,177,72,162,2015,3847671.0,588182.0
4818,177,19,162,2015,5684286.0,0.0
4819,177,181,162,2015,666.0,0.0
4820,177,191,162,2015,244063.0,0.0
4821,177,16,162,2015,386349.0,0.0
4822,177,80,162,2015,282943.0,0.0
4823,177,26,162,2015,1812242.0,221547.0
4824,177,28,162,2015,4340090.0,407719.0
4825,177,68,162,2015,114869.0,657047.0
4826,177,82,162,2015,245242.0,63060.0
4827,177,100,162,2015,5354721.0,342550.0
4828,177,108,162,2015,277004.0,0.0
4829,177,116,162,2015,7423256.0,0.0
4830,177,117,162,2015,144327.0,4909.0
4831,177,132,162,2015,4126507.0,359619.0
4832,177,135,162,2015,298001.0,21371.0
4833,177,147,162,2015,1048868.0,0.0
4834,177,151,162,2015,3246.0,0.0
4835,177,152,162,2015,821288.0,0.0
4836,177,164,162,2015,11933.0,7919.0
4837,177,167,162,2015,22315.0,0.0
4838,177,187,162,2015,20088.0,0.0
4839,177,201,162,2015,2941773.0,56150.0
4840,177,217,162,2015,7560.0,0.0
4841,177,219,162,2015,8249.0,112673.0
4842,177,223,162,2015,775158.0,8453898.0
4843,177,232,162,2015,36466.0,0.0
4844,177,38,162,2015,33799.0,0.0
4845,177,211,162,2015,1282.0,0.0
4846,177,227,162,2015,6322049.0,0.0
4847,177,4,162,2015,70379.0,32754.0
4848,177,144,162,2015,191457.0,5637.0
4849,177,9,162,2015,288200.0,0.0
4850,177,66,162,2015,181563.0,0.0
4851,177,17,162,2015,31976.0,0.0
4852,177,83,162,2015,1828388.0,0.0
4853,177,46,162,2015,1169524.0,0.0
4854,177,141,162,2015,1338616.0,0.0
4855,177,178,162,2015,1347.0,0.0
4856,177,109,162,2015,230729.0,0.0
4857,177,34,162,2015,5073.0,0.0
4858,177,87,162,2015,636536.0,0.0
4859,177,45,162,2015,2909162.0,1869.0
4860,177,47,162,2015,1073629.0,0.0
4861,177,51,162,2015,1301.0,0.0
4862,177,89,162,2015,434236.0,0.0
4863,177,126,162,2015,13247.0,0.0
4864,177,133,162,2015,1477.0,0.0
4865,177,155,162,2015,25345.0,0.0
4866,177,156,162,2015,19845.0,0.0
4867,177,157,162,2015,1385767.0,227221.0
4868,177,196,162,2015,1809987.0,0.0
4869,177,215,162,2015,3656871.0,4933.0
4870,177,247,162,2015,1619797.0,0.0
4871,177,21,162,2015,79090.0,0.0
4872,177,62,162,2015,4869798.0,0.0
4873,177,182,162,2015,1347.0,0.0
4874,177,137,162,2015,3056.0,0.0
4875,177,12,162,2015,2510.0,0.0
4876,177,11,162,2015,2338.0,0.0
4877,177,7,164,2015,34599.0,17888.0
4878,177,8,164,2015,8632.0,0.0
4879,177,15,164,2015,2819067.0,1802865.0
4880,177,18,164,2015,410285.0,477276.0
4881,177,23,164,2015,210081.0,119224.0
4882,177,24,164,2015,1392.0,0.0
4883,177,32,164,2015,36785.0,1275.0
4884,177,39,164,2015,232987.0,289198.0
4885,177,41,164,2015,380165.0,37199.0
4886,177,42,164,2015,22297.0,0.0
4887,177,43,164,2015,379761.0,36498513.0
4888,177,49,164,2015,6009.0,0.0
4889,177,52,164,2015,0.0,1905.0
4890,177,58,164,2015,7777.0,0.0
4891,177,61,164,2015,25491461.0,25933252.0
4892,177,64,164,2015,186449.0,652355.0
4893,177,67,164,2015,533651.0,0.0
4894,177,71,164,2015,719495.0,4683838.0
4895,177,74,164,2015,2387105.0,37935.0
4896,177,77,164,2015,1362658.0,8890470.0
4897,177,81,164,2015,3495876.0,3771376.0
4898,177,90,164,2015,87216.0,22288.0
4899,177,97,164,2015,90829.0,71530.0
4900,177,102,164,2015,1268661.0,194633.0
4901,177,103,164,2015,7826.0,49786.0
4902,177,104,164,2015,24991.0,436384.0
4903,177,106,164,2015,469675.0,91843.0
4904,177,111,164,2015,952670.0,5481895.0
4905,177,114,164,2015,161691.0,15082.0
4906,177,118,164,2015,0.0,246450.0
4907,177,121,164,2015,87810.0,28022.0
4908,177,122,164,2015,83097.0,0.0
4909,177,130,164,2015,1464563.0,70762.0
4910,177,138,164,2015,216697.0,6597.0
4911,177,153,164,2015,19807.0,54043.0
4912,177,162,164,2015,2637513.0,6489539.0
4913,177,163,164,2015,1717390.0,58256.0
4914,177,166,164,2015,6178.0,0.0
4915,177,173,164,2015,5111.0,845.0
4916,177,174,164,2015,0.0,50311.0
4917,177,179,164,2015,185919.0,147537.0
4918,177,188,164,2015,10664.0,0.0
4919,177,190,164,2015,2113.0,0.0
4920,177,192,164,2015,24943.0,1840.0
4921,177,197,164,2015,0.0,1081.0
4922,177,206,164,2015,1680532.0,1599303.0
4923,177,207,164,2015,56444.0,196403.0
4924,177,208,164,2015,7913809.0,2534103.0
4925,177,216,164,2015,8350.0,128645.0
4926,177,224,164,2015,1219538.0,713014.0
4927,177,231,164,2015,1550745.0,680408.0
4928,177,246,164,2015,28086.0,0.0
4929,177,249,164,2015,132015.0,382511.0
4930,177,250,164,2015,67280.0,45196.0
4931,177,59,164,2015,3267296.0,2886174.0
4932,177,124,164,2015,9057.0,0.0
4933,177,131,164,2015,43251.0,2171.0
4934,177,168,164,2015,13524.0,89770.0
4935,177,2,164,2015,1932.0,0.0
4936,177,107,164,2015,33190.0,0.0
4937,177,110,164,2015,1205895.0,0.0
4938,177,115,164,2015,3124468.0,0.0
4939,177,128,164,2015,0.0,69518.0
4940,177,183,164,2015,10713.0,0.0
4941,177,212,164,2015,1539.0,0.0
4942,177,228,164,2015,4419210.0,127730.0
4943,177,14,164,2015,76827.0,4328.0
4944,177,73,164,2015,3187.0,0.0
4945,177,185,164,2015,2353547.0,140590.0
4946,177,186,164,2015,8642090.0,162786.0
4947,177,31,164,2015,715.0,0.0
4948,177,145,164,2015,10902.0,0.0
4949,177,226,164,2015,1093.0,0.0
4950,177,140,164,2015,18355.0,19813.0
4951,177,134,164,2015,1583.0,12924.0
4952,177,85,164,2015,3459.0,0.0
4953,177,239,164,2015,0.0,313582.0
4954,177,22,164,2015,0.0,397939.0
4955,177,159,164,2015,323733.0,0.0
4956,177,142,164,2015,5714.0,8626.0
4957,177,72,164,2015,599119.0,4036.0
4958,177,143,164,2015,0.0,17445.0
4959,177,16,164,2015,18267.0,0.0
4960,177,26,164,2015,59997.0,209418.0
4961,177,28,164,2015,926240.0,342224.0
4962,177,68,164,2015,10771.0,8432.0
4963,177,82,164,2015,19408.0,1494.0
4964,177,100,164,2015,204759.0,73593.0
4965,177,117,164,2015,347657.0,0.0
4966,177,132,164,2015,823583.0,19016.0
4967,177,135,164,2015,69628.0,14294.0
4968,177,164,164,2015,0.0,3562.0
4969,177,167,164,2015,28124.0,0.0
4970,177,201,164,2015,164631.0,9130.0
4971,177,219,164,2015,7252.0,0.0
4972,177,223,164,2015,46988.0,12169.0
4973,177,232,164,2015,14405.0,0.0
4974,177,4,164,2015,0.0,27891.0
4975,177,144,164,2015,1144.0,0.0
4976,177,9,164,2015,8643.0,0.0
4977,177,66,164,2015,9502.0,0.0
4978,177,109,164,2015,58344.0,0.0
4979,177,136,164,2015,0.0,6695.0
4980,177,45,164,2015,8887.0,0.0
4981,177,47,164,2015,1147.0,0.0
4982,177,89,164,2015,3004.0,0.0
4983,177,126,164,2015,3071.0,0.0
4984,177,133,164,2015,1307.0,0.0
4985,177,156,164,2015,6738.0,0.0
4986,177,5,164,2015,5355.0,0.0
4987,177,7,165,2015,7955.0,4411.0
4988,177,15,165,2015,501417.0,1032874.0
4989,177,18,165,2015,1497489.0,122411.0
4990,177,23,165,2015,410456.0,155746.0
4991,177,24,165,2015,1772.0,0.0
4992,177,39,165,2015,216068.0,13397.0
4993,177,41,165,2015,382002.0,28086.0
4994,177,43,165,2015,9491.0,15709133.0
4995,177,49,165,2015,1946.0,0.0
4996,177,61,165,2015,7422895.0,8377243.0
4997,177,64,165,2015,422124.0,274933.0
4998,177,71,165,2015,495498.0,479957.0
4999,177,74,165,2015,279077.0,0.0
5000,177,77,165,2015,1304160.0,667754.0
5001,177,81,165,2015,555157.0,325486.0
5002,177,90,165,2015,279827.0,3363.0
5003,177,97,165,2015,0.0,180647.0
5004,177,102,165,2015,961126.0,18644.0
5005,177,103,165,2015,2859.0,0.0
5006,177,104,165,2015,1442.0,0.0
5007,177,106,165,2015,71302.0,0.0
5008,177,111,165,2015,401056.0,1008930.0
5009,177,114,165,2015,1614.0,0.0
5010,177,121,165,2015,1806.0,0.0
5011,177,122,165,2015,802.0,0.0
5012,177,130,165,2015,249384.0,1790.0
5013,177,138,165,2015,3095.0,0.0
5014,177,162,165,2015,1707033.0,4489031.0
5015,177,163,165,2015,139086.0,4434.0
5016,177,179,165,2015,78511.0,38393.0
5017,177,188,165,2015,2777.0,0.0
5018,177,192,165,2015,7810.0,0.0
5019,177,197,165,2015,305.0,0.0
5020,177,206,165,2015,739443.0,189751.0
5021,177,207,165,2015,109893.0,0.0
5022,177,208,165,2015,570130.0,72680.0
5023,177,216,165,2015,0.0,1123.0
5024,177,222,165,2015,2180.0,0.0
5025,177,224,165,2015,122821.0,0.0
5026,177,231,165,2015,1540306.0,18289.0
5027,177,246,165,2015,1147.0,0.0
5028,177,249,165,2015,0.0,70210.0
5029,177,250,165,2015,3365.0,10817.0
5030,177,59,165,2015,1773195.0,391693.0
5031,177,131,165,2015,25028.0,0.0
5032,177,110,165,2015,15633.0,2661.0
5033,177,115,165,2015,65938.0,0.0
5034,177,228,165,2015,200650.0,4864.0
5035,177,14,165,2015,24841.0,0.0
5036,177,185,165,2015,4240271.0,138920.0
5037,177,186,165,2015,345258.0,8906.0
5038,177,226,165,2015,997.0,0.0
5039,177,44,165,2015,919.0,0.0
5040,177,140,165,2015,2406.0,0.0
5041,177,85,165,2015,3534.0,0.0
5042,177,239,165,2015,41330.0,20829.0
5043,177,159,165,2015,2236.0,0.0
5044,177,142,165,2015,7767.0,0.0
5045,177,72,165,2015,67596.0,0.0
5046,177,16,165,2015,3153.0,0.0
5047,177,26,165,2015,169205.0,0.0
5048,177,28,165,2015,122306.0,0.0
5049,177,68,165,2015,18828.0,0.0
5050,177,82,165,2015,30300.0,0.0
5051,177,100,165,2015,655151.0,977.0
5052,177,116,165,2015,13850.0,0.0
5053,177,132,165,2015,189548.0,5674.0
5054,177,135,165,2015,1560.0,0.0
5055,177,151,165,2015,2033.0,0.0
5056,177,187,165,2015,33139.0,0.0
5057,177,201,165,2015,274534.0,0.0
5058,177,223,165,2015,6911.0,6599.0
5059,177,227,165,2015,2031.0,0.0
5060,177,144,165,2015,143987.0,0.0
5061,177,9,165,2015,7969.0,0.0
5062,177,66,165,2015,2136.0,0.0
5063,177,45,165,2015,858.0,0.0
5064,177,47,165,2015,1206.0,0.0
5065,177,7,191,2015,1987.0,0.0
5066,177,15,191,2015,517592.0,1270910.0
5067,177,18,191,2015,1449408.0,652318.0
5068,177,23,191,2015,2736402.0,4888416.0
5069,177,32,191,2015,13337.0,129411.0
5070,177,39,191,2015,49244.0,790551.0
5071,177,41,191,2015,48463.0,140219.0
5072,177,43,191,2015,0.0,3847070.0
5073,177,58,191,2015,0.0,19736.0
5074,177,61,191,2015,1753615.0,11315855.0
5075,177,64,191,2015,308019.0,989379.0
5076,177,71,191,2015,352623.0,1466185.0
5077,177,74,191,2015,367483.0,1537424.0
5078,177,77,191,2015,1972352.0,430232.0
5079,177,81,191,2015,1009138.0,1266572.0
5080,177,90,191,2015,90005.0,2275.0
5081,177,97,191,2015,0.0,331179.0
5082,177,102,191,2015,594468.0,307839.0
5083,177,104,191,2015,52761.0,172797.0
5084,177,106,191,2015,182075.0,0.0
5085,177,111,191,2015,374755.0,3723304.0
5086,177,113,191,2015,583062.0,0.0
5087,177,114,191,2015,0.0,337290.0
5088,177,118,191,2015,0.0,1641.0
5089,177,121,191,2015,51361.0,12200985.0
5090,177,122,191,2015,147662.0,0.0
5091,177,130,191,2015,9346796.0,27317.0
5092,177,162,191,2015,466782.0,8250.0
5093,177,163,191,2015,26819686.0,32106705.0
5094,177,166,191,2015,15620.0,0.0
5095,177,174,191,2015,0.0,28189.0
5096,177,179,191,2015,226838.0,176076.0
5097,177,206,191,2015,715739.0,2124324.0
5098,177,207,191,2015,100348.0,97903.0
5099,177,208,191,2015,340593.0,327105.0
5100,177,224,191,2015,0.0,1710964.0
5101,177,231,191,2015,7213779.0,7128085.0
5102,177,246,191,2015,2267.0,243839.0
5103,177,249,191,2015,0.0,1242429.0
5104,177,250,191,2015,0.0,2128651.0
5105,177,59,191,2015,5431516.0,14904367.0
5106,177,131,191,2015,11108.0,23562.0
5107,177,110,191,2015,1978010.0,515165.0
5108,177,228,191,2015,1557470.0,985222.0
5109,177,73,191,2015,178964.0,0.0
5110,177,185,191,2015,420645.0,0.0
5111,177,186,191,2015,0.0,4720734.0
5112,177,159,191,2015,1533276.0,0.0
5113,177,72,191,2015,213185.0,14696.0
5114,177,191,191,2015,157033.0,0.0
5115,177,26,191,2015,0.0,1268437.0
5116,177,28,191,2015,0.0,7461892.0
5117,177,68,191,2015,333816.0,0.0
5118,177,82,191,2015,0.0,117730.0
5119,177,100,191,2015,24220.0,35540.0
5120,177,108,191,2015,57287340.0,0.0
5121,177,132,191,2015,96236.0,4417.0
5122,177,201,191,2015,396314.0,56192.0
5123,177,144,191,2015,0.0,1064018.0
5124,177,66,191,2015,303377.0,0.0
5125,177,47,191,2015,1536617.0,0.0
5126,177,21,191,2015,1640429.0,0.0
5127,177,7,100,2015,800628.0,1174.0
5128,177,8,100,2015,777.0,10669.0
5129,177,15,100,2015,0.0,4604766.0
5130,177,18,100,2015,2064692.0,2108090.0
5131,177,23,100,2015,206057.0,0.0
5132,177,24,100,2015,960.0,0.0
5133,177,32,100,2015,1948.0,0.0
5134,177,39,100,2015,127828.0,1166.0
5135,177,41,100,2015,59603.0,29836.0
5136,177,42,100,2015,874.0,44925.0
5137,177,43,100,2015,36968.0,0.0
5138,177,61,100,2015,34676995.0,124489802.0
5139,177,64,100,2015,579764.0,263556778.0
5140,177,71,100,2015,6968700.0,228410.0
5141,177,74,100,2015,7008.0,545431.0
5142,177,77,100,2015,3058654.0,10434739.0
5143,177,81,100,2015,36006.0,9913978.0
5144,177,90,100,2015,5687022.0,0.0
5145,177,97,100,2015,46803.0,0.0
5146,177,102,100,2015,1417828.0,15287276.0
5147,177,103,100,2015,1114.0,0.0
5148,177,104,100,2015,650328.0,0.0
5149,177,106,100,2015,41449.0,261384.0
5150,177,111,100,2015,31818205.0,2973960.0
5151,177,113,100,2015,366221.0,0.0
5152,177,114,100,2015,12659.0,0.0
5153,177,121,100,2015,6338.0,0.0
5154,177,122,100,2015,127550.0,0.0
5155,177,130,100,2015,4838729.0,36707924.0
5156,177,153,100,2015,7959.0,0.0
5157,177,162,100,2015,10114036.0,53971153.0
5158,177,163,100,2015,110135.0,40072.0
5159,177,166,100,2015,0.0,2118.0
5160,177,174,100,2015,2558.0,0.0
5161,177,179,100,2015,0.0,7144.0
5162,177,188,100,2015,123306.0,0.0
5163,177,192,100,2015,0.0,1177.0
5164,177,206,100,2015,1138165.0,44259888.0
5165,177,207,100,2015,76120.0,46717.0
5166,177,208,100,2015,8627.0,1219147.0
5167,177,216,100,2015,147981.0,0.0
5168,177,224,100,2015,343740.0,18082.0
5169,177,231,100,2015,492104.0,56125.0
5170,177,246,100,2015,11587.0,0.0
5171,177,249,100,2015,1251.0,0.0
5172,177,250,100,2015,0.0,18015.0
5173,177,59,100,2015,4746819.0,33487464.0
5174,177,124,100,2015,1326176.0,0.0
5175,177,168,100,2015,558836.0,0.0
5176,177,115,100,2015,199842.0,0.0
5177,177,128,100,2015,46751.0,0.0
5178,177,183,100,2015,6597.0,0.0
5179,177,228,100,2015,21169945.0,832795.0
5180,177,14,100,2015,16089.0,0.0
5181,177,185,100,2015,836190.0,455564.0
5182,177,186,100,2015,12629376.0,39433.0
5183,177,226,100,2015,30179.0,14606.0
5184,177,140,100,2015,0.0,4102.0
5185,177,239,100,2015,1269.0,0.0
5186,177,72,100,2015,257121.0,7622925.0
5187,177,16,100,2015,123609.0,0.0
5188,177,26,100,2015,5322685.0,0.0
5189,177,28,100,2015,7320651.0,21852.0
5190,177,68,100,2015,647331.0,0.0
5191,177,82,100,2015,77989.0,0.0
5192,177,100,100,2015,5724158.0,124047.0
5193,177,116,100,2015,0.0,7287.0
5194,177,117,100,2015,191117.0,0.0
5195,177,132,100,2015,201773.0,11448604.0
5196,177,135,100,2015,48435.0,0.0
5197,177,164,100,2015,1094.0,0.0
5198,177,167,100,2015,1079.0,0.0
5199,177,201,100,2015,64334.0,0.0
5200,177,232,100,2015,4933705.0,7356.0
5201,177,109,100,2015,1217.0,0.0
5202,177,126,100,2015,19002.0,0.0
5203,177,215,100,2015,0.0,1411.0
5204,177,7,101,2015,2001339.0,193056.0
5205,177,8,101,2015,0.0,485850.0
5206,177,15,101,2015,49284818.0,1861596.0
5207,177,18,101,2015,70206811.0,334361638.0
5208,177,23,101,2015,69196876.0,189431.0
5209,177,24,101,2015,101291.0,0.0
5210,177,32,101,2015,0.0,152206.0
5211,177,39,101,2015,11096389.0,0.0
5212,177,41,101,2015,4416963.0,56253.0
5213,177,42,101,2015,2102621.0,0.0
5214,177,43,101,2015,26621886.0,8204.0
5215,177,55,101,2015,187505.0,0.0
5216,177,58,101,2015,7172888.0,59342.0
5217,177,61,101,2015,675722411.0,460065526.0
5218,177,64,101,2015,72143586.0,227152568.0
5219,177,71,101,2015,173751341.0,128095718.0
5220,177,74,101,2015,13935037.0,6761782.0
5221,177,77,101,2015,246844424.0,27154026.0
5222,177,81,101,2015,427567902.0,27101032.0
5223,177,90,101,2015,47503872.0,336990.0
5224,177,97,101,2015,99566427.0,0.0
5225,177,102,101,2015,71737181.0,14635771.0
5226,177,103,101,2015,0.0,1946.0
5227,177,104,101,2015,0.0,10159.0
5228,177,106,101,2015,61986135.0,13916877.0
5229,177,111,101,2015,463686579.0,31451671.0
5230,177,113,101,2015,14728.0,0.0
5231,177,114,101,2015,5290240.0,0.0
5232,177,121,101,2015,55556.0,0.0
5233,177,130,101,2015,90730020.0,11191993.0
5234,177,153,101,2015,1506562.0,0.0
5235,177,162,101,2015,289823624.0,163032326.0
5236,177,163,101,2015,1001770.0,629999.0
5237,177,166,101,2015,570588.0,3378265.0
5238,177,174,101,2015,49839.0,0.0
5239,177,179,101,2015,46551729.0,3201717.0
5240,177,192,101,2015,960430.0,0.0
5241,177,206,101,2015,167438158.0,20887098.0
5242,177,207,101,2015,17853089.0,160332.0
5243,177,208,101,2015,62432640.0,25443414.0
5244,177,216,101,2015,396152.0,0.0
5245,177,224,101,2015,32836427.0,0.0
5246,177,230,101,2015,0.0,26854.0
5247,177,231,101,2015,65412562.0,231787.0
5248,177,250,101,2015,75621.0,1019706.0
5249,177,59,101,2015,252699779.0,12441095.0
5250,177,124,101,2015,74017.0,0.0
5251,177,131,101,2015,571192.0,2230.0
5252,177,168,101,2015,3583.0,0.0
5253,177,243,101,2015,39478.0,0.0
5254,177,2,101,2015,1719422.0,0.0
5255,177,25,101,2015,1709962.0,0.0
5256,177,107,101,2015,340538.0,18064.0
5257,177,110,101,2015,22545935.0,0.0
5258,177,115,101,2015,8844827.0,0.0
5259,177,128,101,2015,85358.0,0.0
5260,177,228,101,2015,36475812.0,1375726.0
5261,177,14,101,2015,143858.0,75634.0
5262,177,185,101,2015,64666065.0,3992438.0
5263,177,186,101,2015,30981.0,0.0
5264,177,145,101,2015,4137302.0,0.0
5265,177,44,101,2015,762109.0,0.0
5266,177,140,101,2015,12522195.0,18133.0
5267,177,134,101,2015,89282.0,0.0
5268,177,85,101,2015,2406974.0,0.0
5269,177,239,101,2015,9363893.0,1505.0
5270,177,142,101,2015,2978861.0,12005.0
5271,177,72,101,2015,26580538.0,266761.0
5272,177,19,101,2015,33418890.0,0.0
5273,177,181,101,2015,251964.0,0.0
5274,177,123,101,2015,54972.0,0.0
5275,177,16,101,2015,215642.0,0.0
5276,177,80,101,2015,5894073.0,0.0
5277,177,26,101,2015,33190423.0,0.0
5278,177,28,101,2015,3625108.0,14724.0
5279,177,68,101,2015,272234.0,0.0
5280,177,82,101,2015,1398629.0,0.0
5281,177,100,101,2015,40716561.0,233903.0
5282,177,108,101,2015,61842.0,0.0
5283,177,116,101,2015,194005.0,0.0
5284,177,117,101,2015,433066.0,0.0
5285,177,132,101,2015,58170386.0,3900094.0
5286,177,135,101,2015,5053222.0,0.0
5287,177,147,101,2015,365467.0,0.0
5288,177,151,101,2015,145711.0,0.0
5289,177,167,101,2015,209307.0,0.0
5290,177,201,101,2015,9158402.0,81318.0
5291,177,219,101,2015,12579968.0,0.0
5292,177,223,101,2015,43899.0,0.0
5293,177,232,101,2015,24211314.0,0.0
5294,177,38,101,2015,220509.0,0.0
5295,177,211,101,2015,4675.0,0.0
5296,177,4,101,2015,786280.0,0.0
5297,177,144,101,2015,548647.0,0.0
5298,177,9,101,2015,167865.0,0.0
5299,177,83,101,2015,3878292.0,0.0
5300,177,46,101,2015,1409604.0,0.0
5301,177,109,101,2015,419259.0,0.0
5302,177,87,101,2015,20743.0,0.0
5303,177,45,101,2015,953.0,0.0
5304,177,47,101,2015,14855015.0,20618.0
5305,177,51,101,2015,92297.0,0.0
5306,177,89,101,2015,851179.0,0.0
5307,177,92,101,2015,40831.0,0.0
5308,177,125,101,2015,7295048.0,0.0
5309,177,133,101,2015,1362212.0,0.0
5310,177,155,101,2015,53550.0,0.0
5311,177,156,101,2015,9829.0,0.0
5312,177,157,101,2015,127118.0,0.0
5313,177,196,101,2015,152229.0,0.0
5314,177,215,101,2015,2107112.0,0.0
5315,177,5,101,2015,8544.0,0.0
5316,177,101,101,2015,1690363.0,0.0
5317,177,182,101,2015,6163.0,0.0
5318,177,88,101,2015,24068.0,0.0
5319,177,50,101,2015,276262.0,0.0
5320,177,12,101,2015,1127734.0,0.0
5321,177,11,101,2015,10579.0,0.0
5322,177,7,102,2015,9407.0,0.0
5323,177,8,102,2015,0.0,11135884.0
5324,177,15,102,2015,6635654.0,848178.0
5325,177,18,102,2015,19609336.0,9245101.0
5326,177,23,102,2015,1369100.0,0.0
5327,177,24,102,2015,1528.0,0.0
5328,177,32,102,2015,0.0,13900.0
5329,177,39,102,2015,1486577.0,10200830.0
5330,177,41,102,2015,11663155.0,15877.0
5331,177,42,102,2015,0.0,26495298.0
5332,177,43,102,2015,323387.0,100036626.0
5333,177,49,102,2015,0.0,62649.0
5334,177,58,102,2015,769562.0,0.0
5335,177,61,102,2015,691199459.0,79246471.0
5336,177,64,102,2015,61528232.0,108742495.0
5337,177,67,102,2015,0.0,734919.0
5338,177,71,102,2015,6429380.0,15624459.0
5339,177,74,102,2015,5548582.0,0.0
5340,177,77,102,2015,135264247.0,13889735.0
5341,177,81,102,2015,48276627.0,32864079.0
5342,177,90,102,2015,2158855.0,2050173.0
5343,177,97,102,2015,47673.0,18361.0
5344,177,102,102,2015,4788649.0,2462419.0
5345,177,103,102,2015,0.0,486436.0
5346,177,104,102,2015,309429.0,7132085.0
5347,177,106,102,2015,1552524.0,14156935.0
5348,177,111,102,2015,67751283.0,7092533.0
5349,177,114,102,2015,2244529.0,438994.0
5350,177,121,102,2015,0.0,16183.0
5351,177,130,102,2015,8031363.0,11502350.0
5352,177,138,102,2015,0.0,1323.0
5353,177,153,102,2015,0.0,102735.0
5354,177,162,102,2015,15174567.0,46372458.0
5355,177,163,102,2015,820216.0,643266319.0
5356,177,166,102,2015,0.0,11086357.0
5357,177,169,102,2015,0.0,1312.0
5358,177,173,102,2015,0.0,1422645.0
5359,177,174,102,2015,65426.0,47266.0
5360,177,179,102,2015,40332.0,5450938.0
5361,177,192,102,2015,0.0,165198.0
5362,177,206,102,2015,7911278.0,500816.0
5363,177,207,102,2015,800621.0,16157.0
5364,177,208,102,2015,19739364.0,683720041.0
5365,177,216,102,2015,3777772.0,513178.0
5366,177,224,102,2015,506113.0,6543064.0
5367,177,230,102,2015,0.0,112709.0
5368,177,231,102,2015,13758584.0,2767768.0
5369,177,246,102,2015,0.0,456369.0
5370,177,249,102,2015,0.0,26866.0
5371,177,250,102,2015,0.0,179047.0
5372,177,59,102,2015,18186131.0,11053701.0
5373,177,124,102,2015,127172.0,0.0
5374,177,131,102,2015,75385.0,0.0
5375,177,168,102,2015,5310.0,0.0
5376,177,107,102,2015,197545.0,102489.0
5377,177,110,102,2015,3036777.0,52568.0
5378,177,115,102,2015,0.0,8400446.0
5379,177,128,102,2015,22032.0,449451.0
5380,177,228,102,2015,1205642.0,171523.0
5381,177,14,102,2015,9285114.0,138582.0
5382,177,185,102,2015,11161396.0,0.0
5383,177,186,102,2015,0.0,43449826.0
5384,177,91,102,2015,0.0,5532.0
5385,177,226,102,2015,0.0,349724.0
5386,177,44,102,2015,1300006.0,0.0
5387,177,140,102,2015,89174.0,0.0
5388,177,134,102,2015,1240.0,0.0
5389,177,239,102,2015,29440836.0,13884294.0
5390,177,22,102,2015,0.0,928730.0
5391,177,159,102,2015,0.0,7515.0
5392,177,142,102,2015,174664.0,20402.0
5393,177,72,102,2015,1617982.0,1156606.0
5394,177,19,102,2015,281269.0,0.0
5395,177,191,102,2015,0.0,219264.0
5396,177,16,102,2015,195367.0,0.0
5397,177,26,102,2015,117272.0,0.0
5398,177,28,102,2015,522583.0,0.0
5399,177,68,102,2015,0.0,32362.0
5400,177,82,102,2015,35876.0,0.0
5401,177,100,102,2015,1209239.0,2818602.0
5402,177,116,102,2015,0.0,68316.0
5403,177,132,102,2015,2675932.0,4587904.0
5404,177,135,102,2015,103629.0,0.0
5405,177,151,102,2015,17524.0,3973.0
5406,177,201,102,2015,1849223.0,0.0
5407,177,223,102,2015,1052.0,0.0
5408,177,211,102,2015,0.0,7293.0
5409,177,227,102,2015,0.0,100288.0
5410,177,144,102,2015,2696.0,0.0
5411,177,9,102,2015,0.0,123615.0
5412,177,66,102,2015,11101.0,0.0
5413,177,148,102,2015,0.0,4290.0
5414,177,109,102,2015,245849.0,40532087.0
5415,177,136,102,2015,2188.0,0.0
5416,177,92,102,2015,1708.0,11405702.0
5417,177,126,102,2015,9185.0,0.0
5418,177,155,102,2015,1159.0,672877.0
5419,177,156,102,2015,14759.0,0.0
5420,177,157,102,2015,0.0,2465.0
5421,177,215,102,2015,9647.0,0.0
5422,177,247,102,2015,0.0,74291.0
5423,177,182,102,2015,2796.0,0.0
5424,177,76,102,2015,0.0,298673.0
5425,177,78,102,2015,111665.0,27726708.0
5426,177,137,102,2015,0.0,466135.0
5427,177,11,102,2015,1851.0,298734.0
5428,177,7,104,2015,8099.0,0.0
5429,177,15,104,2015,3660104.0,492877.0
5430,177,18,104,2015,2094741.0,2797102.0
5431,177,23,104,2015,216056.0,303312.0
5432,177,24,104,2015,1362.0,0.0
5433,177,32,104,2015,3566.0,1205971.0
5434,177,39,104,2015,94040.0,748466.0
5435,177,41,104,2015,1256170.0,208755.0
5436,177,42,104,2015,2092.0,0.0
5437,177,43,104,2015,697107.0,44322057.0
5438,177,52,104,2015,0.0,1473.0
5439,177,58,104,2015,4931.0,32173.0
5440,177,61,104,2015,72098590.0,82980603.0
5441,177,64,104,2015,16439867.0,3713730.0
5442,177,67,104,2015,170475.0,0.0
5443,177,71,104,2015,11838942.0,4410051.0
5444,177,74,104,2015,106437.0,3957.0
5445,177,77,104,2015,12277679.0,3146661.0
5446,177,81,104,2015,7459448.0,1999287.0
5447,177,90,104,2015,1117010.0,34905.0
5448,177,97,104,2015,24500201.0,0.0
5449,177,99,104,2015,18439.0,0.0
5450,177,102,104,2015,5287000.0,1391996.0
5451,177,103,104,2015,0.0,21568.0
5452,177,104,104,2015,0.0,483137.0
5453,177,106,104,2015,167730.0,3916977.0
5454,177,111,104,2015,9771707.0,988623.0
5455,177,114,104,2015,7698318.0,1986.0
5456,177,121,104,2015,144932.0,0.0
5457,177,130,104,2015,2332388.0,699446.0
5458,177,153,104,2015,15881.0,0.0
5459,177,162,104,2015,13913161.0,8670383.0
5460,177,163,104,2015,685226.0,147938.0
5461,177,166,104,2015,0.0,29210.0
5462,177,174,104,2015,21006.0,101672.0
5463,177,179,104,2015,2178075.0,1224711.0
5464,177,192,104,2015,1185.0,0.0
5465,177,206,104,2015,3471444.0,156211.0
5466,177,207,104,2015,68642.0,91233.0
5467,177,208,104,2015,870221.0,1318993.0
5468,177,216,104,2015,63518.0,167229.0
5469,177,224,104,2015,572436.0,1076802.0
5470,177,230,104,2015,7684.0,150787.0
5471,177,231,104,2015,7319136.0,1694316.0
5472,177,246,104,2015,184220.0,10420.0
5473,177,249,104,2015,4661705.0,21327.0
5474,177,250,104,2015,0.0,71879.0
5475,177,59,104,2015,4152265.0,4520415.0
5476,177,124,104,2015,16915.0,4388926.0
5477,177,131,104,2015,2918.0,4398.0
5478,177,168,104,2015,0.0,1814891.0
5479,177,107,104,2015,142312.0,5829648.0
5480,177,110,104,2015,66922.0,0.0
5481,177,115,104,2015,35060.0,0.0
5482,177,183,104,2015,1525.0,0.0
5483,177,228,104,2015,1848588.0,2168735.0
5484,177,14,104,2015,170076.0,12325.0
5485,177,185,104,2015,3173455.0,487796.0
5486,177,186,104,2015,624993.0,2674785.0
5487,177,44,104,2015,7797.0,0.0
5488,177,140,104,2015,73936.0,0.0
5489,177,134,104,2015,202052.0,0.0
5490,177,239,104,2015,301558.0,5985.0
5491,177,22,104,2015,98262.0,0.0
5492,177,142,104,2015,2692.0,0.0
5493,177,72,104,2015,263470.0,0.0
5494,177,19,104,2015,2016.0,0.0
5495,177,123,104,2015,33053.0,0.0
5496,177,143,104,2015,158863.0,0.0
5497,177,16,104,2015,2603.0,0.0
5498,177,28,104,2015,609383.0,196169.0
5499,177,68,104,2015,367574.0,7230.0
5500,177,82,104,2015,69144.0,0.0
5501,177,100,104,2015,34550.0,24781.0
5502,177,117,104,2015,3348.0,0.0
5503,177,132,104,2015,1412363.0,319748.0
5504,177,135,104,2015,420978.0,0.0
5505,177,201,104,2015,22192.0,0.0
5506,177,219,104,2015,1973.0,0.0
5507,177,223,104,2015,0.0,5004.0
5508,177,232,104,2015,88932.0,7897.0
5509,177,4,104,2015,15837.0,0.0
5510,177,9,104,2015,28363.0,0.0
5511,177,83,104,2015,8566.0,0.0
5512,177,109,104,2015,28840.0,400990.0
5513,177,133,104,2015,24668.0,0.0
5514,177,155,104,2015,0.0,1038.0
5515,177,78,104,2015,0.0,8993.0
5516,177,8,109,2015,0.0,9850858.0
5517,177,15,109,2015,895740.0,9510815.0
5518,177,18,109,2015,2182020.0,2238186.0
5519,177,23,109,2015,67972.0,222538.0
5520,177,39,109,2015,67140.0,125401.0
5521,177,41,109,2015,56065.0,0.0
5522,177,42,109,2015,3198.0,222714.0
5523,177,43,109,2015,0.0,152580.0
5524,177,52,109,2015,0.0,590542.0
5525,177,61,109,2015,501505171.0,61770453.0
5526,177,64,109,2015,16372194.0,6179052.0
5527,177,67,109,2015,0.0,4094.0
5528,177,71,109,2015,29018021.0,3753078.0
5529,177,74,109,2015,4834595.0,644571.0
5530,177,77,109,2015,7383460.0,46283280.0
5531,177,81,109,2015,12112208.0,483728.0
5532,177,90,109,2015,1495969.0,4935578.0
5533,177,96,109,2015,0.0,169436.0
5534,177,97,109,2015,23274.0,0.0
5535,177,102,109,2015,2995610.0,17985504.0
5536,177,104,109,2015,3847.0,7253363.0
5537,177,106,109,2015,103933.0,1421742.0
5538,177,111,109,2015,9334068.0,16757647.0
5539,177,113,109,2015,17550817.0,4737157.0
5540,177,114,109,2015,18231.0,14176.0
5541,177,118,109,2015,0.0,14244837.0
5542,177,122,109,2015,4174.0,0.0
5543,177,130,109,2015,1713303.0,7806047.0
5544,177,153,109,2015,9387.0,0.0
5545,177,162,109,2015,11295795.0,6586932.0
5546,177,163,109,2015,9808877.0,25737.0
5547,177,173,109,2015,0.0,312881.0
5548,177,179,109,2015,4669357.0,1826256.0
5549,177,188,109,2015,109200218.0,0.0
5550,177,190,109,2015,25391026.0,0.0
5551,177,192,109,2015,4465.0,132542.0
5552,177,206,109,2015,1808360.0,52874113.0
5553,177,207,109,2015,43053.0,0.0
5554,177,208,109,2015,11072143.0,6781318.0
5555,177,216,109,2015,0.0,2646772.0
5556,177,224,109,2015,2891.0,3826.0
5557,177,231,109,2015,3954764.0,1363868.0
5558,177,246,109,2015,10274471.0,0.0
5559,177,250,109,2015,0.0,203591.0
5560,177,59,109,2015,18112583.0,47935381.0
5561,177,131,109,2015,6037.0,0.0
5562,177,168,109,2015,0.0,1878361.0
5563,177,110,109,2015,6146076.0,0.0
5564,177,115,109,2015,219641.0,2893884.0
5565,177,228,109,2015,546902.0,24484262.0
5566,177,14,109,2015,6977.0,0.0
5567,177,54,109,2015,27005188.0,0.0
5568,177,185,109,2015,1756470.0,2450331.0
5569,177,186,109,2015,1655821.0,3312660.0
5570,177,31,109,2015,0.0,50716.0
5571,177,145,109,2015,2564.0,0.0
5572,177,226,109,2015,14750198.0,0.0
5573,177,134,109,2015,63851793.0,0.0
5574,177,239,109,2015,0.0,1381722.0
5575,177,159,109,2015,25870559.0,0.0
5576,177,142,109,2015,2597145.0,0.0
5577,177,72,109,2015,227815.0,2373307.0
5578,177,143,109,2015,0.0,9149499.0
5579,177,16,109,2015,2025.0,0.0
5580,177,28,109,2015,550031.0,0.0
5581,177,68,109,2015,195322456.0,53796.0
5582,177,100,109,2015,72064.0,0.0
5583,177,108,109,2015,1096.0,0.0
5584,177,116,109,2015,38210314.0,0.0
5585,177,117,109,2015,11847.0,0.0
5586,177,132,109,2015,191396.0,5480854.0
5587,177,135,109,2015,0.0,540529.0
5588,177,147,109,2015,12213420.0,0.0
5589,177,187,109,2015,732042.0,0.0
5590,177,201,109,2015,52462.0,235516.0
5591,177,219,109,2015,3339.0,0.0
5592,177,227,109,2015,11451677.0,0.0
5593,177,248,109,2015,1881293.0,0.0
5594,177,9,109,2015,4034.0,0.0
5595,177,66,109,2015,54299046.0,0.0
5596,177,46,109,2015,3003097.0,0.0
5597,177,148,109,2015,8622091.0,0.0
5598,177,109,109,2015,1559376.0,0.0
5599,177,87,109,2015,1173512.0,0.0
5600,177,92,109,2015,38023.0,0.0
5601,177,129,109,2015,0.0,9637.0
5602,177,7,110,2015,201155.0,0.0
5603,177,8,110,2015,340767.0,0.0
5604,177,15,110,2015,2348842.0,10572133.0
5605,177,18,110,2015,1532510.0,10127045.0
5606,177,23,110,2015,515762.0,74585.0
5607,177,32,110,2015,97508.0,3386.0
5608,177,39,110,2015,745308.0,13616.0
5609,177,41,110,2015,248682.0,111376.0
5610,177,42,110,2015,403253.0,0.0
5611,177,43,110,2015,1918875.0,246330.0
5612,177,49,110,2015,280097.0,0.0
5613,177,52,110,2015,102230.0,0.0
5614,177,58,110,2015,12681.0,0.0
5615,177,61,110,2015,39151867.0,47967333.0
5616,177,64,110,2015,7049545.0,1765307.0
5617,177,65,110,2015,160265.0,0.0
5618,177,67,110,2015,8058.0,4546.0
5619,177,71,110,2015,10489549.0,663309.0
5620,177,74,110,2015,438804.0,222709.0
5621,177,77,110,2015,7720752.0,3790216.0
5622,177,81,110,2015,14467932.0,7735044.0
5623,177,90,110,2015,1411767.0,0.0
5624,177,93,110,2015,26456.0,0.0
5625,177,97,110,2015,700561.0,3162.0
5626,177,99,110,2015,5812.0,0.0
5627,177,102,110,2015,5049173.0,5146603.0
5628,177,103,110,2015,218838.0,4074.0
5629,177,104,110,2015,401781.0,15237.0
5630,177,106,110,2015,1307523.0,855958.0
5631,177,111,110,2015,1943749.0,4863025.0
5632,177,113,110,2015,302622.0,0.0
5633,177,114,110,2015,257564.0,1342363.0
5634,177,118,110,2015,6811443.0,12437.0
5635,177,121,110,2015,9505960.0,118999.0
5636,177,130,110,2015,9253218.0,18179770.0
5637,177,138,110,2015,4400164.0,15072.0
5638,177,153,110,2015,509250.0,0.0
5639,177,160,110,2015,3815.0,0.0
5640,177,162,110,2015,3235439.0,8726945.0
5641,177,163,110,2015,4316712.0,901.0
5642,177,166,110,2015,400889.0,0.0
5643,177,169,110,2015,230321.0,0.0
5644,177,173,110,2015,1163110.0,21338.0
5645,177,174,110,2015,87025.0,24131.0
5646,177,179,110,2015,193032.0,2822449.0
5647,177,188,110,2015,37137.0,0.0
5648,177,190,110,2015,67910.0,0.0
5649,177,192,110,2015,60759.0,0.0
5650,177,197,110,2015,2644.0,0.0
5651,177,206,110,2015,1802700.0,49618858.0
5652,177,207,110,2015,129270.0,6241.0
5653,177,208,110,2015,2127733.0,415360.0
5654,177,216,110,2015,275590.0,57722.0
5655,177,224,110,2015,677721.0,269070.0
5656,177,230,110,2015,31946.0,0.0
5657,177,231,110,2015,17449465.0,164112.0
5658,177,236,110,2015,130355.0,2985.0
5659,177,246,110,2015,359574.0,3447.0
5660,177,249,110,2015,589532.0,0.0
5661,177,250,110,2015,1068.0,4225.0
5662,177,59,110,2015,6163033.0,37138287.0
5663,177,124,110,2015,389306.0,0.0
5664,177,131,110,2015,1160.0,245121.0
5665,177,2,110,2015,354749.0,0.0
5666,177,107,110,2015,34475.0,0.0
5667,177,110,110,2015,1214765.0,0.0
5668,177,115,110,2015,1166455.0,0.0
5669,177,128,110,2015,173799.0,12285.0
5670,177,183,110,2015,5293.0,0.0
5671,177,212,110,2015,176775.0,0.0
5672,177,228,110,2015,848643.0,1335443.0
5673,177,14,110,2015,1241914.0,0.0
5674,177,185,110,2015,1527342.0,701670.0
5675,177,186,110,2015,3150915.0,1995436.0
5676,177,31,110,2015,0.0,14003.0
5677,177,226,110,2015,1607.0,0.0
5678,177,44,110,2015,7348.0,0.0
5679,177,140,110,2015,57514.0,0.0
5680,177,134,110,2015,16656.0,0.0
5681,177,239,110,2015,8603758.0,9872.0
5682,177,22,110,2015,40497.0,0.0
5683,177,142,110,2015,202878.0,0.0
5684,177,72,110,2015,260476.0,268291.0
5685,177,19,110,2015,33169.0,0.0
5686,177,181,110,2015,4911.0,1009.0
5687,177,191,110,2015,312895.0,0.0
5688,177,16,110,2015,613427.0,0.0
5689,177,80,110,2015,355655.0,0.0
5690,177,26,110,2015,58511.0,0.0
5691,177,28,110,2015,1969113.0,24540.0
5692,177,68,110,2015,163059.0,86213.0
5693,177,82,110,2015,154280.0,0.0
5694,177,100,110,2015,177843.0,13495.0
5695,177,108,110,2015,27631.0,0.0
5696,177,117,110,2015,19635.0,0.0
5697,177,132,110,2015,2067122.0,3763244.0
5698,177,135,110,2015,199357.0,0.0
5699,177,147,110,2015,247090.0,0.0
5700,177,151,110,2015,326799.0,0.0
5701,177,201,110,2015,199946.0,1216578.0
5702,177,217,110,2015,114848.0,0.0
5703,177,219,110,2015,1678061.0,0.0
5704,177,223,110,2015,11104.0,0.0
5705,177,232,110,2015,1918121.0,0.0
5706,177,4,110,2015,14182.0,0.0
5707,177,9,110,2015,130853.0,0.0
5708,177,66,110,2015,77594.0,0.0
5709,177,83,110,2015,2011.0,0.0
5710,177,46,110,2015,103950.0,0.0
5711,177,141,110,2015,70908.0,0.0
5712,177,109,110,2015,190144.0,0.0
5713,177,87,110,2015,1825683.0,0.0
5714,177,47,110,2015,67651.0,0.0
5715,177,129,110,2015,262142.0,0.0
5716,177,7,111,2015,8012.0,4953.0
5717,177,8,111,2015,6386.0,8001298.0
5718,177,15,111,2015,2704891.0,4192152.0
5719,177,18,111,2015,69085524.0,6337717.0
5720,177,23,111,2015,709241.0,19308224.0
5721,177,32,111,2015,1679.0,5915870.0
5722,177,33,111,2015,20873.0,0.0
5723,177,39,111,2015,437748.0,7325829.0
5724,177,41,111,2015,2527657.0,81322.0
5725,177,42,111,2015,5322.0,906977.0
5726,177,43,111,2015,573676.0,17683017.0
5727,177,49,111,2015,0.0,912.0
5728,177,52,111,2015,66131.0,10257.0
5729,177,55,111,2015,4378.0,0.0
5730,177,58,111,2015,15190.0,21292.0
5731,177,61,111,2015,375488840.0,102141186.0
5732,177,64,111,2015,5872440.0,9218035.0
5733,177,65,111,2015,76474.0,0.0
5734,177,71,111,2015,17973598.0,3772390.0
5735,177,74,111,2015,146928.0,0.0
5736,177,77,111,2015,10974301.0,30579542.0
5737,177,81,111,2015,7225543.0,8837312.0
5738,177,90,111,2015,443590.0,2386782.0
5739,177,93,111,2015,0.0,273891.0
5740,177,97,111,2015,91705.0,0.0
5741,177,102,111,2015,2276782.0,10021246.0
5742,177,103,111,2015,21099.0,2418190.0
5743,177,104,111,2015,58269.0,9623820.0
5744,177,106,111,2015,966978.0,483876.0
5745,177,111,111,2015,5830895.0,5729338.0
5746,177,112,111,2015,8392.0,0.0
5747,177,113,111,2015,4047.0,0.0
5748,177,114,111,2015,347915.0,43530.0
5749,177,121,111,2015,199560.0,59163.0
5750,177,122,111,2015,16161.0,0.0
5751,177,130,111,2015,3114277.0,1867397.0
5752,177,138,111,2015,57101.0,192767.0
5753,177,153,111,2015,32602.0,0.0
5754,177,160,111,2015,0.0,3568428.0
5755,177,162,111,2015,26592523.0,65829706.0
5756,177,163,111,2015,47575.0,7411.0
5757,177,166,111,2015,14160.0,825551.0
5758,177,173,111,2015,0.0,44555.0
5759,177,174,111,2015,67600.0,452080.0
5760,177,179,111,2015,1458262.0,14984.0
5761,177,180,111,2015,0.0,365035.0
5762,177,188,111,2015,83043.0,0.0
5763,177,190,111,2015,12305.0,2118946.0
5764,177,192,111,2015,74097.0,0.0
5765,177,206,111,2015,1986850.0,17824012.0
5766,177,207,111,2015,307564.0,214028.0
5767,177,208,111,2015,542256.0,339969.0
5768,177,216,111,2015,44459.0,91451.0
5769,177,222,111,2015,23241.0,0.0
5770,177,224,111,2015,92980.0,2287719.0
5771,177,230,111,2015,36218.0,0.0
5772,177,231,111,2015,2015235.0,6693075.0
5773,177,246,111,2015,211643.0,889224.0
5774,177,249,111,2015,8653.0,2339.0
5775,177,250,111,2015,0.0,59179.0
5776,177,59,111,2015,28684908.0,25841073.0
5777,177,124,111,2015,189320.0,132522.0
5778,177,127,111,2015,19284.0,0.0
5779,177,131,111,2015,51725.0,10019.0
5780,177,168,111,2015,15536.0,1731290.0
5781,177,2,111,2015,23273.0,0.0
5782,177,25,111,2015,6393.0,0.0
5783,177,107,111,2015,3242.0,143139.0
5784,177,110,111,2015,66986.0,422394.0
5785,177,115,111,2015,87680.0,7678362.0
5786,177,128,111,2015,189001.0,29730.0
5787,177,183,111,2015,95562.0,0.0
5788,177,228,111,2015,2940475.0,55280131.0
5789,177,13,111,2015,4668.0,0.0
5790,177,14,111,2015,82987.0,1163121.0
5791,177,73,111,2015,11313.0,32429.0
5792,177,185,111,2015,4542648.0,563134.0
5793,177,186,111,2015,9307601.0,12776570.0
5794,177,31,111,2015,0.0,47537.0
5795,177,145,111,2015,9960.0,0.0
5796,177,226,111,2015,0.0,24041.0
5797,177,140,111,2015,85947.0,13120.0
5798,177,134,111,2015,234708.0,131424.0
5799,177,239,111,2015,0.0,253663.0
5800,177,159,111,2015,0.0,1013194.0
5801,177,142,111,2015,30061.0,292541.0
5802,177,72,111,2015,381247.0,21086.0
5803,177,181,111,2015,16330.0,0.0
5804,177,143,111,2015,0.0,11598.0
5805,177,191,111,2015,0.0,13194.0
5806,177,16,111,2015,37808.0,0.0
5807,177,26,111,2015,37169.0,5174.0
5808,177,28,111,2015,1583545.0,1029616.0
5809,177,68,111,2015,73580.0,3159770.0
5810,177,82,111,2015,19429.0,130429.0
5811,177,100,111,2015,563315.0,161148.0
5812,177,116,111,2015,9416.0,1028.0
5813,177,117,111,2015,6141.0,0.0
5814,177,132,111,2015,2525189.0,237513.0
5815,177,135,111,2015,437740.0,7761345.0
5816,177,151,111,2015,7284.0,0.0
5817,177,167,111,2015,6465.0,0.0
5818,177,201,111,2015,338263.0,1224807.0
5819,177,219,111,2015,41765.0,0.0
5820,177,223,111,2015,1097.0,14660.0
5821,177,232,111,2015,29860.0,400943.0
5822,177,4,111,2015,39591.0,1315353.0
5823,177,144,111,2015,12153.0,0.0
5824,177,83,111,2015,1056122.0,851.0
5825,177,178,111,2015,0.0,170938.0
5826,177,109,111,2015,676104.0,0.0
5827,177,155,111,2015,0.0,563138.0
5828,177,157,111,2015,0.0,31634.0
5829,177,215,111,2015,0.0,65859.0
5830,177,57,111,2015,5940.0,0.0
5831,177,21,111,2015,0.0,311075.0
5832,177,182,111,2015,174.0,0.0
5833,177,137,111,2015,8276.0,0.0
5834,177,15,112,2015,89604.0,87353.0
5835,177,18,112,2015,217876.0,689764.0
5836,177,23,112,2015,1425186.0,0.0
5837,177,32,112,2015,16274.0,26668.0
5838,177,39,112,2015,53693.0,51052.0
5839,177,41,112,2015,2854730.0,3048870.0
5840,177,42,112,2015,0.0,164312.0
5841,177,43,112,2015,504448.0,9813767.0
5842,177,49,112,2015,865.0,78332.0
5843,177,58,112,2015,11014.0,0.0
5844,177,61,112,2015,1858758.0,27299176.0
5845,177,64,112,2015,35473.0,5975586.0
5846,177,71,112,2015,177317.0,10063041.0
5847,177,74,112,2015,49010.0,66098.0
5848,177,77,112,2015,57231.0,5891699.0
5849,177,81,112,2015,114953.0,3028747.0
5850,177,90,112,2015,60970.0,133464.0
5851,177,93,112,2015,0.0,1507.0
5852,177,97,112,2015,211927.0,25492.0
5853,177,102,112,2015,182115.0,1068126.0
5854,177,103,112,2015,70834.0,34393.0
5855,177,104,112,2015,71418.0,2932631.0
5856,177,106,112,2015,0.0,114924.0
5857,177,111,112,2015,546221.0,5762399.0
5858,177,114,112,2015,983.0,72840.0
5859,177,121,112,2015,28853.0,17933.0
5860,177,130,112,2015,115662.0,1027260.0
5861,177,138,112,2015,2727.0,98249.0
5862,177,162,112,2015,3048646.0,1285398.0
5863,177,163,112,2015,101009.0,5368.0
5864,177,166,112,2015,8572.0,0.0
5865,177,173,112,2015,2451.0,28824.0
5866,177,174,112,2015,0.0,2541036.0
5867,177,179,112,2015,112463.0,7535.0
5868,177,188,112,2015,38526.0,0.0
5869,177,192,112,2015,0.0,75533.0
5870,177,197,112,2015,0.0,1873.0
5871,177,206,112,2015,95933.0,35497.0
5872,177,207,112,2015,7184.0,45165.0
5873,177,208,112,2015,9228.0,85675.0
5874,177,216,112,2015,458182.0,0.0
5875,177,224,112,2015,288026.0,75750.0
5876,177,231,112,2015,76750.0,1556377.0
5877,177,246,112,2015,1582.0,0.0
5878,177,249,112,2015,0.0,992.0
5879,177,250,112,2015,0.0,13035.0
5880,177,59,112,2015,1485725.0,1863493.0
5881,177,168,112,2015,0.0,90011.0
5882,177,107,112,2015,0.0,22577.0
5883,177,110,112,2015,983.0,1089791.0
5884,177,115,112,2015,0.0,4144.0
5885,177,228,112,2015,922758.0,192108.0
5886,177,14,112,2015,12644.0,3131.0
5887,177,185,112,2015,174894.0,19618.0
5888,177,186,112,2015,2445824.0,29904.0
5889,177,145,112,2015,1386.0,0.0
5890,177,134,112,2015,0.0,838.0
5891,177,72,112,2015,26348.0,0.0
5892,177,26,112,2015,3882.0,0.0
5893,177,28,112,2015,210518.0,6103.0
5894,177,68,112,2015,8345.0,0.0
5895,177,82,112,2015,115390.0,0.0
5896,177,100,112,2015,6610.0,0.0
5897,177,117,112,2015,4417.0,7345.0
5898,177,132,112,2015,230489.0,108077.0
5899,177,135,112,2015,10054.0,0.0
5900,177,201,112,2015,120966.0,0.0
5901,177,219,112,2015,188682.0,0.0
5902,177,223,112,2015,0.0,29973.0
5903,177,232,112,2015,29094.0,0.0
5904,177,9,112,2015,1616.0,0.0
5905,177,7,113,2015,1167.0,0.0
5906,177,15,113,2015,10166.0,2714.0
5907,177,18,113,2015,31118.0,11723.0
5908,177,32,113,2015,0.0,1030.0
5909,177,41,113,2015,15651.0,7929.0
5910,177,42,113,2015,0.0,2023.0
5911,177,43,113,2015,136006.0,3054171.0
5912,177,61,113,2015,472942.0,572113.0
5913,177,64,113,2015,359787.0,216474.0
5914,177,71,113,2015,7854.0,17497.0
5915,177,77,113,2015,373360.0,41728.0
5916,177,81,113,2015,28632.0,36959.0
5917,177,90,113,2015,0.0,1870.0
5918,177,102,113,2015,1744.0,184120.0
5919,177,103,113,2015,0.0,5650378.0
5920,177,104,113,2015,0.0,91290.0
5921,177,106,113,2015,0.0,10493.0
5922,177,111,113,2015,97689.0,62568.0
5923,177,114,113,2015,0.0,1007.0
5924,177,130,113,2015,40611.0,5732.0
5925,177,138,113,2015,0.0,275116.0
5926,177,153,113,2015,0.0,3296722.0
5927,177,162,113,2015,165453.0,809148.0
5928,177,163,113,2015,4141.0,0.0
5929,177,173,113,2015,0.0,491187.0
5930,177,179,113,2015,0.0,232828.0
5931,177,188,113,2015,22720.0,0.0
5932,177,206,113,2015,28770.0,0.0
5933,177,208,113,2015,68025.0,0.0
5934,177,216,113,2015,8201.0,7551.0
5935,177,231,113,2015,7788.0,267928.0
5936,177,246,113,2015,5577.0,0.0
5937,177,250,113,2015,0.0,2598.0
5938,177,59,113,2015,345541.0,1196096.0
5939,177,168,113,2015,0.0,9415.0
5940,177,128,113,2015,0.0,121477.0
5941,177,228,113,2015,33686.0,58074204.0
5942,177,185,113,2015,7571.0,212380.0
5943,177,186,113,2015,78009.0,5760536.0
5944,177,239,113,2015,0.0,50158.0
5945,177,72,113,2015,5667.0,2940.0
5946,177,28,113,2015,75544.0,75836.0
5947,177,82,113,2015,1147.0,0.0
5948,177,100,113,2015,3063.0,0.0
5949,177,116,113,2015,0.0,5977.0
5950,177,132,113,2015,25118.0,0.0
5951,177,135,113,2015,1387.0,460245.0
5952,177,164,113,2015,0.0,31127.0
5953,177,201,113,2015,3855.0,0.0
5954,177,223,113,2015,0.0,5872.0
5955,177,144,113,2015,1467.0,0.0
5956,177,136,113,2015,0.0,12721.0
5957,177,45,113,2015,0.0,1665.0
5958,177,7,114,2015,5659.0,4114.0
5959,177,8,114,2015,0.0,63366.0
5960,177,15,114,2015,8779344.0,6949129.0
5961,177,18,114,2015,10657319.0,40211521.0
5962,177,23,114,2015,11332205.0,567555.0
5963,177,32,114,2015,0.0,242617.0
5964,177,39,114,2015,549694.0,196696.0
5965,177,41,114,2015,596390.0,1062289.0
5966,177,42,114,2015,34884.0,27203.0
5967,177,43,114,2015,62354.0,2249959.0
5968,177,49,114,2015,61608.0,1492.0
5969,177,58,114,2015,4838872.0,3902.0
5970,177,61,114,2015,125741388.0,389032785.0
5971,177,64,114,2015,3741728.0,10177213.0
5972,177,67,114,2015,37670.0,0.0
5973,177,71,114,2015,1403441.0,31920140.0
5974,177,74,114,2015,1088966.0,1445253.0
5975,177,77,114,2015,6542895.0,9659773.0
5976,177,81,114,2015,22940096.0,15224428.0
5977,177,90,114,2015,2805137.0,1572977.0
5978,177,97,114,2015,126692.0,7918.0
5979,177,102,114,2015,35166930.0,46310225.0
5980,177,103,114,2015,0.0,2436540.0
5981,177,104,114,2015,71999.0,1739974.0
5982,177,106,114,2015,617847.0,32689.0
5983,177,111,114,2015,6296779.0,56882325.0
5984,177,113,114,2015,2173.0,0.0
5985,177,114,114,2015,42018.0,932195.0
5986,177,121,114,2015,3770.0,37927.0
5987,177,122,114,2015,865.0,0.0
5988,177,130,114,2015,15263746.0,33236803.0
5989,177,138,114,2015,306715.0,33251.0
5990,177,153,114,2015,0.0,2618971.0
5991,177,162,114,2015,20345975.0,150531817.0
5992,177,163,114,2015,4205078.0,4391696.0
5993,177,166,114,2015,0.0,137387.0
5994,177,169,114,2015,0.0,2292.0
5995,177,173,114,2015,0.0,3577.0
5996,177,174,114,2015,0.0,277900.0
5997,177,179,114,2015,99854.0,2891545.0
5998,177,192,114,2015,0.0,35744.0
5999,177,197,114,2015,0.0,2374.0
6000,177,206,114,2015,97636863.0,49953540.0
6001,177,207,114,2015,523571.0,1510124.0
6002,177,208,114,2015,11912947.0,29281643.0
6003,177,216,114,2015,8090.0,5094046.0
6004,177,224,114,2015,114053.0,0.0
6005,177,230,114,2015,0.0,5831.0
6006,177,231,114,2015,996680.0,3744719.0
6007,177,246,114,2015,6792.0,29069.0
6008,177,249,114,2015,35171.0,633847.0
6009,177,250,114,2015,5384.0,2001.0
6010,177,59,114,2015,231448199.0,175128210.0
6011,177,124,114,2015,5660.0,0.0
6012,177,110,114,2015,1524201.0,11473.0
6013,177,115,114,2015,1460947.0,0.0
6014,177,128,114,2015,1430.0,229793.0
6015,177,183,114,2015,1325.0,0.0
6016,177,228,114,2015,5394775.0,55060915.0
6017,177,14,114,2015,17993.0,26756.0
6018,177,185,114,2015,9799447.0,1602383.0
6019,177,186,114,2015,12761849.0,5102966.0
6020,177,145,114,2015,160903.0,0.0
6021,177,140,114,2015,526735.0,0.0
6022,177,134,114,2015,0.0,305721.0
6023,177,239,114,2015,22801.0,46079.0
6024,177,159,114,2015,3156.0,0.0
6025,177,72,114,2015,6077559.0,92981.0
6026,177,16,114,2015,24603.0,0.0
6027,177,26,114,2015,204932.0,0.0
6028,177,28,114,2015,817748.0,3333044.0
6029,177,68,114,2015,65614.0,2305.0
6030,177,82,114,2015,1925842.0,0.0
6031,177,100,114,2015,344074.0,392161.0
6032,177,116,114,2015,0.0,1279.0
6033,177,117,114,2015,7607.0,0.0
6034,177,132,114,2015,9037938.0,1757006.0
6035,177,135,114,2015,163434.0,973480.0
6036,177,201,114,2015,272364.0,80724.0
6037,177,219,114,2015,780101.0,0.0
6038,177,232,114,2015,64703.0,0.0
6039,177,4,114,2015,64374.0,0.0
6040,177,9,114,2015,88230.0,0.0
6041,177,83,114,2015,0.0,18615.0
6042,177,141,114,2015,0.0,28421.0
6043,177,109,114,2015,48068.0,368165.0
6044,177,136,114,2015,953.0,0.0
6045,177,45,114,2015,5725.0,0.0
6046,177,7,115,2015,888278.0,0.0
6047,177,8,115,2015,0.0,99696.0
6048,177,15,115,2015,1641086.0,13135120.0
6049,177,18,115,2015,8649855.0,3626379.0
6050,177,23,115,2015,6342701.0,16565.0
6051,177,24,115,2015,11142.0,0.0
6052,177,32,115,2015,0.0,1604.0
6053,177,33,115,2015,4716.0,0.0
6054,177,39,115,2015,1259345.0,26573.0
6055,177,41,115,2015,3319179.0,14189.0
6056,177,42,115,2015,0.0,291537.0
6057,177,43,115,2015,54489.0,2457733.0
6058,177,58,115,2015,439821.0,0.0
6059,177,61,115,2015,300201002.0,107470338.0
6060,177,64,115,2015,77567649.0,28953476.0
6061,177,65,115,2015,171237.0,0.0
6062,177,67,115,2015,0.0,850159.0
6063,177,71,115,2015,12428064.0,9718015.0
6064,177,74,115,2015,20498100.0,0.0
6065,177,77,115,2015,53570815.0,6513334.0
6066,177,81,115,2015,297150891.0,2743413.0
6067,177,90,115,2015,630497.0,65853.0
6068,177,97,115,2015,2796941.0,0.0
6069,177,99,115,2015,630.0,2455.0
6070,177,102,115,2015,38845429.0,6086431.0
6071,177,103,115,2015,0.0,371839.0
6072,177,104,115,2015,0.0,302298.0
6073,177,106,115,2015,26947386.0,1841067.0
6074,177,111,115,2015,48100649.0,10521795.0
6075,177,112,115,2015,398146.0,0.0
6076,177,114,115,2015,1517985.0,108939.0
6077,177,121,115,2015,0.0,128457.0
6078,177,122,115,2015,42640.0,0.0
6079,177,130,115,2015,30827283.0,4813860.0
6080,177,160,115,2015,557.0,0.0
6081,177,162,115,2015,16651338.0,15055401.0
6082,177,163,115,2015,8393771.0,1046985.0
6083,177,166,115,2015,138975.0,86278.0
6084,177,169,115,2015,154498.0,0.0
6085,177,173,115,2015,0.0,455971.0
6086,177,174,115,2015,0.0,1638504.0
6087,177,179,115,2015,2373906.0,3977703.0
6088,177,192,115,2015,69743.0,0.0
6089,177,206,115,2015,46042068.0,2003916.0
6090,177,207,115,2015,3620690.0,4128.0
6091,177,208,115,2015,55934973.0,3643139.0
6092,177,216,115,2015,5718.0,8806935.0
6093,177,222,115,2015,3906.0,0.0
6094,177,224,115,2015,164029.0,0.0
6095,177,230,115,2015,0.0,29845.0
6096,177,231,115,2015,52579825.0,24325.0
6097,177,246,115,2015,464279.0,0.0
6098,177,249,115,2015,389615.0,0.0
6099,177,250,115,2015,389346.0,252887.0
6100,177,59,115,2015,43187549.0,10302237.0
6101,177,131,115,2015,8540.0,0.0
6102,177,168,115,2015,3961.0,0.0
6103,177,2,115,2015,9828.0,0.0
6104,177,110,115,2015,656613.0,0.0
6105,177,115,115,2015,14032.0,0.0
6106,177,183,115,2015,8777.0,0.0
6107,177,228,115,2015,1056752.0,0.0
6108,177,13,115,2015,9004.0,0.0
6109,177,14,115,2015,3927580.0,0.0
6110,177,54,115,2015,516770.0,0.0
6111,177,185,115,2015,32450742.0,0.0
6112,177,186,115,2015,2563062.0,3613.0
6113,177,145,115,2015,110348.0,0.0
6114,177,140,115,2015,1712745.0,0.0
6115,177,134,115,2015,213429.0,530740.0
6116,177,239,115,2015,0.0,4810655.0
6117,177,22,115,2015,0.0,10015.0
6118,177,142,115,2015,457151.0,0.0
6119,177,72,115,2015,14122821.0,658082.0
6120,177,19,115,2015,86240.0,0.0
6121,177,234,115,2015,4299.0,0.0
6122,177,120,115,2015,8065.0,0.0
6123,177,16,115,2015,701694.0,0.0
6124,177,80,115,2015,153581.0,0.0
6125,177,26,115,2015,1057893.0,0.0
6126,177,28,115,2015,174872.0,689028.0
6127,177,68,115,2015,318537.0,0.0
6128,177,82,115,2015,180183.0,0.0
6129,177,100,115,2015,2070567.0,61945.0
6130,177,132,115,2015,15376200.0,956976.0
6131,177,135,115,2015,934027.0,0.0
6132,177,151,115,2015,33568.0,206282.0
6133,177,167,115,2015,30917.0,0.0
6134,177,201,115,2015,3450625.0,0.0
6135,177,217,115,2015,149468.0,0.0
6136,177,223,115,2015,0.0,8822.0
6137,177,211,115,2015,0.0,387744.0
6138,177,4,115,2015,308999.0,5779.0
6139,177,144,115,2015,147244.0,0.0
6140,177,66,115,2015,16165.0,0.0
6141,177,83,115,2015,22954.0,0.0
6142,177,109,115,2015,289039.0,86125.0
6143,177,176,115,2015,0.0,92993.0
6144,177,87,115,2015,27265.0,0.0
6145,177,47,115,2015,39605.0,0.0
6146,177,92,115,2015,47777.0,9820.0
6147,177,125,115,2015,206972.0,0.0
6148,177,156,115,2015,47181.0,0.0
6149,177,215,115,2015,7980.0,0.0
6150,177,247,115,2015,814.0,0.0
6151,177,101,115,2015,56052.0,0.0
6152,177,182,115,2015,3289.0,0.0
6153,177,11,115,2015,9354.0,0.0
6154,177,7,122,2015,131267.0,0.0
6155,177,8,122,2015,0.0,482941171.0
6156,177,15,122,2015,9995644.0,6325982.0
6157,177,18,122,2015,9193392.0,21711293.0
6158,177,23,122,2015,4911350.0,6512535.0
6159,177,24,122,2015,7119.0,0.0
6160,177,32,122,2015,227332.0,25121365.0
6161,177,39,122,2015,458103.0,4929826.0
6162,177,41,122,2015,2514081.0,1833848.0
6163,177,42,122,2015,875006.0,0.0
6164,177,43,122,2015,1019004.0,4392746.0
6165,177,49,122,2015,16129.0,0.0
6166,177,58,122,2015,252419.0,0.0
6167,177,61,122,2015,200755083.0,374339285.0
6168,177,64,122,2015,27947911.0,48436463.0
6169,177,71,122,2015,38926283.0,4702351.0
6170,177,74,122,2015,11163773.0,200108.0
6171,177,77,122,2015,47241692.0,48773869.0
6172,177,81,122,2015,42296454.0,29378639.0
6173,177,90,122,2015,3238633.0,135234.0
6174,177,97,122,2015,95026.0,0.0
6175,177,102,122,2015,16322334.0,47059737.0
6176,177,103,122,2015,177210.0,22538202.0
6177,177,104,122,2015,188945.0,3128074.0
6178,177,106,122,2015,13239411.0,774955.0
6179,177,111,122,2015,11447101.0,19937427.0
6180,177,113,122,2015,95945.0,0.0
6181,177,114,122,2015,59410.0,172722.0
6182,177,118,122,2015,42268.0,0.0
6183,177,121,122,2015,271285.0,0.0
6184,177,122,122,2015,68813.0,0.0
6185,177,130,122,2015,28485964.0,16853449.0
6186,177,138,122,2015,186539.0,395174.0
6187,177,153,122,2015,98163.0,14623117.0
6188,177,162,122,2015,44533898.0,55540022.0
6189,177,163,122,2015,8898720.0,143228.0
6190,177,166,122,2015,54007.0,305956.0
6191,177,169,122,2015,1931.0,0.0
6192,177,173,122,2015,13378.0,21074.0
6193,177,174,122,2015,422540.0,0.0
6194,177,179,122,2015,2289602.0,698769.0
6195,177,180,122,2015,0.0,122519306.0
6196,177,188,122,2015,196736.0,0.0
6197,177,192,122,2015,57014.0,9286.0
6198,177,206,122,2015,31157023.0,13436714.0
6199,177,207,122,2015,1965810.0,105215.0
6200,177,208,122,2015,38079322.0,4619412.0
6201,177,216,122,2015,207138.0,397270.0
6202,177,224,122,2015,7339587.0,667773.0
6203,177,231,122,2015,322714.0,32276507.0
6204,177,246,122,2015,40449.0,0.0
6205,177,249,122,2015,342433.0,2940.0
6206,177,250,122,2015,0.0,198588.0
6207,177,59,122,2015,37007340.0,59219348.0
6208,177,124,122,2015,43607.0,0.0
6209,177,131,122,2015,42355.0,1773.0
6210,177,168,122,2015,263923.0,3731.0
6211,177,2,122,2015,27450.0,0.0
6212,177,107,122,2015,129537.0,0.0
6213,177,110,122,2015,179333.0,0.0
6214,177,115,122,2015,232421.0,3973.0
6215,177,128,122,2015,4334.0,2311.0
6216,177,183,122,2015,7689.0,0.0
6217,177,228,122,2015,33952842.0,91028917.0
6218,177,14,122,2015,94039.0,8265.0
6219,177,54,122,2015,1435181.0,0.0
6220,177,185,122,2015,15119429.0,1025989.0
6221,177,186,122,2015,22624717.0,66524125.0
6222,177,226,122,2015,13201.0,0.0
6223,177,140,122,2015,766256.0,0.0
6224,177,239,122,2015,16951424.0,0.0
6225,177,22,122,2015,5574554.0,0.0
6226,177,142,122,2015,14982.0,0.0
6227,177,72,122,2015,2898645.0,50577.0
6228,177,191,122,2015,6652.0,0.0
6229,177,16,122,2015,114558.0,0.0
6230,177,26,122,2015,593322.0,0.0
6231,177,28,122,2015,4782449.0,1940949.0
6232,177,68,122,2015,318977.0,0.0
6233,177,82,122,2015,1172425.0,0.0
6234,177,100,122,2015,1031376.0,758047.0
6235,177,108,122,2015,336609.0,0.0
6236,177,116,122,2015,169316.0,1853.0
6237,177,117,122,2015,371389.0,0.0
6238,177,132,122,2015,4727856.0,1837266.0
6239,177,135,122,2015,644364.0,9299.0
6240,177,151,122,2015,3057.0,0.0
6241,177,167,122,2015,19567.0,0.0
6242,177,201,122,2015,2117508.0,2305275.0
6243,177,219,122,2015,118217.0,0.0
6244,177,223,122,2015,17156.0,0.0
6245,177,232,122,2015,422398.0,0.0
6246,177,4,122,2015,40982.0,0.0
6247,177,144,122,2015,59838.0,0.0
6248,177,9,122,2015,1447070.0,0.0
6249,177,109,122,2015,2434705.0,2656.0
6250,177,87,122,2015,1970.0,0.0
6251,177,92,122,2015,3021.0,0.0
6252,177,126,122,2015,61162.0,0.0
6253,177,155,122,2015,7461.0,0.0
6254,177,156,122,2015,8273.0,0.0
6255,177,215,122,2015,0.0,558432.0
6256,177,182,122,2015,3226.0,0.0
6257,177,48,122,2015,3554.0,0.0
6258,177,7,123,2015,5359019.0,195317.0
6259,177,8,123,2015,0.0,3532642.0
6260,177,15,123,2015,131147141.0,5897.0
6261,177,18,123,2015,108994823.0,2926895.0
6262,177,23,123,2015,24058831.0,3493093.0
6263,177,24,123,2015,91686.0,0.0
6264,177,32,123,2015,131944.0,35134366.0
6265,177,33,123,2015,24342.0,0.0
6266,177,39,123,2015,3112582.0,1519.0
6267,177,41,123,2015,1338525.0,635310.0
6268,177,43,123,2015,657364.0,22953396.0
6269,177,49,123,2015,0.0,674338.0
6270,177,52,123,2015,306248.0,0.0
6271,177,55,123,2015,6216.0,0.0
6272,177,58,123,2015,6124318.0,0.0
6273,177,61,123,2015,229934365.0,150844467.0
6274,177,64,123,2015,10524380.0,652168.0
6275,177,65,123,2015,209127.0,122590.0
6276,177,67,123,2015,0.0,3416820.0
6277,177,71,123,2015,91933415.0,7169091.0
6278,177,74,123,2015,27137129.0,0.0
6279,177,77,123,2015,435127656.0,16835841.0
6280,177,81,123,2015,94634753.0,38740587.0
6281,177,90,123,2015,33503609.0,23588463.0
6282,177,93,123,2015,0.0,6394314.0
6283,177,97,123,2015,396138.0,15304.0
6284,177,99,123,2015,12260.0,15727.0
6285,177,102,123,2015,88065783.0,4766239.0
6286,177,103,123,2015,35867.0,1211310.0
6287,177,104,123,2015,1321.0,13308757.0
6288,177,106,123,2015,14410238.0,32068.0
6289,177,111,123,2015,373930397.0,5614250.0
6290,177,112,123,2015,19447.0,0.0
6291,177,113,123,2015,4136483.0,12828.0
6292,177,114,123,2015,19193729.0,0.0
6293,177,118,123,2015,0.0,139371.0
6294,177,121,123,2015,1113473.0,0.0
6295,177,122,123,2015,1120533.0,0.0
6296,177,130,123,2015,22901924.0,50413158.0
6297,177,138,123,2015,787056.0,1594210.0
6298,177,153,123,2015,17677.0,1428128.0
6299,177,160,123,2015,0.0,63506.0
6300,177,162,123,2015,237849338.0,3888740.0
6301,177,163,123,2015,2349502.0,0.0
6302,177,166,123,2015,84052.0,0.0
6303,177,174,123,2015,0.0,1383869.0
6304,177,179,123,2015,17486296.0,1860230.0
6305,177,180,123,2015,0.0,9385.0
6306,177,188,123,2015,8214449.0,0.0
6307,177,192,123,2015,2061230.0,2257400.0
6308,177,197,123,2015,608.0,0.0
6309,177,206,123,2015,43832484.0,72812.0
6310,177,207,123,2015,38528262.0,0.0
6311,177,208,123,2015,11941676.0,0.0
6312,177,216,123,2015,115232.0,3100515.0
6313,177,224,123,2015,3266101.0,9688216.0
6314,177,231,123,2015,961701.0,37747801.0
6315,177,236,123,2015,0.0,4556.0
6316,177,246,123,2015,644098.0,0.0
6317,177,249,123,2015,2601322.0,0.0
6318,177,250,123,2015,11599487.0,34935.0
6319,177,29,123,2015,28379.0,11732.0
6320,177,59,123,2015,115228765.0,2834430.0
6321,177,124,123,2015,4695958.0,2001085.0
6322,177,131,123,2015,1216184.0,359677.0
6323,177,168,123,2015,32746.0,45574.0
6324,177,110,123,2015,532090.0,0.0
6325,177,115,123,2015,362972.0,0.0
6326,177,128,123,2015,72966.0,0.0
6327,177,183,123,2015,23875.0,0.0
6328,177,212,123,2015,2485124.0,0.0
6329,177,228,123,2015,3863192.0,416375.0
6330,177,13,123,2015,46299.0,0.0
6331,177,14,123,2015,1262120.0,1110.0
6332,177,73,123,2015,6841.0,0.0
6333,177,185,123,2015,38847038.0,16999160.0
6334,177,186,123,2015,9394015.0,4125790.0
6335,177,226,123,2015,32437.0,29860336.0
6336,177,44,123,2015,4794.0,0.0
6337,177,140,123,2015,591505.0,6731804.0
6338,177,134,123,2015,600322.0,0.0
6339,177,85,123,2015,13327607.0,0.0
6340,177,239,123,2015,0.0,368391.0
6341,177,22,123,2015,0.0,1318213.0
6342,177,142,123,2015,3575333.0,0.0
6343,177,72,123,2015,7472349.0,146931.0
6344,177,234,123,2015,1436.0,0.0
6345,177,123,123,2015,0.0,37707.0
6346,177,26,123,2015,3473374.0,0.0
6347,177,28,123,2015,34195.0,528814.0
6348,177,68,123,2015,710950.0,98793.0
6349,177,82,123,2015,137947.0,0.0
6350,177,100,123,2015,52837504.0,2119075.0
6351,177,108,123,2015,117683.0,0.0
6352,177,116,123,2015,8871.0,1769907.0
6353,177,117,123,2015,61396.0,1322828.0
6354,177,132,123,2015,12022443.0,135931.0
6355,177,135,123,2015,116781.0,75628.0
6356,177,147,123,2015,0.0,30049496.0
6357,177,151,123,2015,267585.0,11070.0
6358,177,152,123,2015,0.0,27540325.0
6359,177,167,123,2015,42941.0,0.0
6360,177,201,123,2015,24178604.0,1120771.0
6361,177,223,123,2015,333239.0,0.0
6362,177,232,123,2015,0.0,60366.0
6363,177,211,123,2015,20098.0,0.0
6364,177,227,123,2015,0.0,3464532.0
6365,177,4,123,2015,9821163.0,0.0
6366,177,248,123,2015,0.0,9289367.0
6367,177,9,123,2015,154829.0,0.0
6368,177,66,123,2015,40129601.0,0.0
6369,177,109,123,2015,3434417.0,0.0
6370,177,136,123,2015,19662.0,0.0
6371,177,47,123,2015,52284.0,0.0
6372,177,84,123,2015,167602.0,0.0
6373,177,125,123,2015,308781.0,0.0
6374,177,155,123,2015,0.0,41556.0
6375,177,156,123,2015,118981.0,0.0
6376,177,196,123,2015,446312.0,0.0
6377,177,247,123,2015,0.0,248002.0
6378,177,5,123,2015,1186136.0,0.0
6379,177,182,123,2015,413.0,0.0
6380,177,88,123,2015,1625508.0,0.0
6381,177,12,123,2015,273863.0,0.0
6382,177,15,125,2015,678205.0,1547827.0
6383,177,18,125,2015,2644992.0,2109379.0
6384,177,23,125,2015,39816.0,326858.0
6385,177,32,125,2015,0.0,184798116.0
6386,177,39,125,2015,2704.0,41574106.0
6387,177,41,125,2015,45162.0,760668.0
6388,177,42,125,2015,0.0,9677012.0
6389,177,43,125,2015,20412884.0,2274866.0
6390,177,61,125,2015,11179487.0,18284995.0
6391,177,64,125,2015,57170.0,14292.0
6392,177,71,125,2015,1713514.0,594390.0
6393,177,74,125,2015,11044.0,1007662.0
6394,177,77,125,2015,213280.0,5907004.0
6395,177,81,125,2015,3092635.0,5799549.0
6396,177,90,125,2015,0.0,1490709.0
6397,177,96,125,2015,0.0,939977.0
6398,177,97,125,2015,4756.0,0.0
6399,177,102,125,2015,371029.0,1194803.0
6400,177,104,125,2015,0.0,839670.0
6401,177,106,125,2015,0.0,6652799.0
6402,177,111,125,2015,82771.0,14767366.0
6403,177,121,125,2015,136439.0,72352.0
6404,177,130,125,2015,1277262.0,98573.0
6405,177,138,125,2015,0.0,5275192.0
6406,177,162,125,2015,1821263.0,12442123.0
6407,177,163,125,2015,0.0,18190279.0
6408,177,179,125,2015,0.0,211549.0
6409,177,192,125,2015,0.0,730599.0
6410,177,206,125,2015,4262966.0,2052228.0
6411,177,207,125,2015,0.0,2137922.0
6412,177,208,125,2015,1257601.0,5068898.0
6413,177,216,125,2015,0.0,69714.0
6414,177,224,125,2015,22326.0,2815884.0
6415,177,231,125,2015,7139.0,5100193.0
6416,177,246,125,2015,0.0,6122558.0
6417,177,249,125,2015,8142.0,0.0
6418,177,250,125,2015,0.0,335631.0
6419,177,59,125,2015,2174835.0,8784993.0
6420,177,131,125,2015,0.0,4406.0
6421,177,168,125,2015,12165.0,353283.0
6422,177,115,125,2015,0.0,162420.0
6423,177,228,125,2015,127427.0,220565545.0
6424,177,14,125,2015,0.0,51801319.0
6425,177,185,125,2015,529028.0,4647925.0
6426,177,186,125,2015,107017.0,31106626.0
6427,177,134,125,2015,0.0,22138095.0
6428,177,239,125,2015,0.0,853766.0
6429,177,159,125,2015,0.0,6247.0
6430,177,72,125,2015,0.0,15592565.0
6431,177,80,125,2015,0.0,2890486.0
6432,177,26,125,2015,0.0,3363833.0
6433,177,116,125,2015,0.0,964829.0
6434,177,117,125,2015,0.0,526353.0
6435,177,132,125,2015,6670.0,290236.0
6436,177,167,125,2015,0.0,61580.0
6437,177,201,125,2015,0.0,4923750.0
6438,177,223,125,2015,12454.0,18701.0
6439,177,232,125,2015,18820.0,17470.0
6440,177,144,125,2015,0.0,7218298.0
6441,177,83,125,2015,0.0,760819.0
6442,177,47,125,2015,0.0,12630180.0
6443,177,125,125,2015,0.0,24002080.0
6444,177,196,125,2015,0.0,107906.0
6445,177,57,125,2015,2814.0,0.0
6446,177,1,126,2015,247154.0,0.0
6447,177,7,126,2015,2593281.0,41863.0
6448,177,15,126,2015,240417458.0,22608365.0
6449,177,18,126,2015,163245357.0,44466292.0
6450,177,23,126,2015,12575155.0,13279208.0
6451,177,24,126,2015,1710910.0,0.0
6452,177,32,126,2015,5566764.0,4255018.0
6453,177,39,126,2015,4916086.0,23172168.0
6454,177,41,126,2015,1396387.0,2882412.0
6455,177,42,126,2015,744677.0,0.0
6456,177,43,126,2015,4184782.0,23928870.0
6457,177,49,126,2015,17657.0,17768077.0
6458,177,55,126,2015,0.0,107296.0
6459,177,58,126,2015,7670687.0,59298672.0
6460,177,61,126,2015,990059131.0,2151282075.0
6461,177,64,126,2015,49020101.0,33836982.0
6462,177,65,126,2015,2037709.0,0.0
6463,177,67,126,2015,16198.0,0.0
6464,177,71,126,2015,45146407.0,7898707.0
6465,177,74,126,2015,47123303.0,20718405.0
6466,177,77,126,2015,89149564.0,30222075.0
6467,177,81,126,2015,436383186.0,80726298.0
6468,177,90,126,2015,7963574.0,6225414.0
6469,177,93,126,2015,426252.0,0.0
6470,177,97,126,2015,133895.0,1674.0
6471,177,99,126,2015,27227.0,0.0
6472,177,102,126,2015,61370269.0,34273389.0
6473,177,103,126,2015,993515.0,182536.0
6474,177,104,126,2015,44243139.0,1019741.0
6475,177,106,126,2015,39966070.0,785610.0
6476,177,111,126,2015,55303374.0,27087193.0
6477,177,113,126,2015,10023397.0,17170.0
6478,177,114,126,2015,18422.0,1962929.0
6479,177,121,126,2015,2848429.0,178307.0
6480,177,122,126,2015,551284.0,0.0
6481,177,130,126,2015,42379693.0,491024001.0
6482,177,138,126,2015,458065.0,53324.0
6483,177,153,126,2015,161691.0,398605.0
6484,177,162,126,2015,844082337.0,88890645.0
6485,177,163,126,2015,75262534.0,130901095.0
6486,177,166,126,2015,240387.0,8430.0
6487,177,169,126,2015,115927.0,0.0
6488,177,173,126,2015,28894.0,0.0
6489,177,174,126,2015,64206.0,0.0
6490,177,179,126,2015,907552.0,236185.0
6491,177,188,126,2015,176920.0,60676356.0
6492,177,192,126,2015,3099243.0,11835.0
6493,177,206,126,2015,337443459.0,192362894.0
6494,177,207,126,2015,21191935.0,10806186.0
6495,177,208,126,2015,339398378.0,146995316.0
6496,177,216,126,2015,0.0,9548.0
6497,177,222,126,2015,17787.0,0.0
6498,177,224,126,2015,13217603.0,1381626.0
6499,177,231,126,2015,44298673.0,58612842.0
6500,177,236,126,2015,1568148.0,0.0
6501,177,246,126,2015,17500277.0,3623367.0
6502,177,249,126,2015,828637.0,22522.0
6503,177,250,126,2015,17100046.0,142238.0
6504,177,59,126,2015,1365857742.0,212238788.0
6505,177,124,126,2015,6018726.0,0.0
6506,177,131,126,2015,118274.0,19557.0
6507,177,168,126,2015,8598618.0,0.0
6508,177,2,126,2015,2100.0,0.0
6509,177,25,126,2015,102489.0,0.0
6510,177,107,126,2015,91874.0,1876.0
6511,177,110,126,2015,1084697.0,423208.0
6512,177,115,126,2015,1544329.0,767889726.0
6513,177,183,126,2015,88154.0,0.0
6514,177,212,126,2015,35286.0,0.0
6515,177,228,126,2015,468584366.0,24458359.0
6516,177,14,126,2015,516184.0,124707432.0
6517,177,73,126,2015,69317.0,0.0
6518,177,185,126,2015,209732620.0,3925462.0
6519,177,186,126,2015,34140385.0,7446828065.0
6520,177,31,126,2015,46945.0,0.0
6521,177,226,126,2015,106335.0,0.0
6522,177,44,126,2015,94722.0,0.0
6523,177,140,126,2015,982480.0,7306.0
6524,177,134,126,2015,16052062.0,0.0
6525,177,85,126,2015,121022.0,0.0
6526,177,239,126,2015,48841.0,127906.0
6527,177,22,126,2015,456575.0,0.0
6528,177,159,126,2015,26240759.0,20621981.0
6529,177,142,126,2015,1839547.0,1482925.0
6530,177,72,126,2015,4853077.0,1694686.0
6531,177,19,126,2015,38144.0,0.0
6532,177,181,126,2015,130424.0,0.0
6533,177,123,126,2015,5989.0,0.0
6534,177,191,126,2015,4208598.0,0.0
6535,177,16,126,2015,1034424.0,56454.0
6536,177,80,126,2015,441251.0,0.0
6537,177,26,126,2015,4189956.0,1883672.0
6538,177,28,126,2015,10259866.0,195285974.0
6539,177,68,126,2015,10654976.0,833060.0
6540,177,82,126,2015,1050965.0,0.0
6541,177,100,126,2015,5548245.0,1878025.0
6542,177,108,126,2015,961198.0,615088128.0
6543,177,116,126,2015,1790567.0,0.0
6544,177,117,126,2015,1516.0,0.0
6545,177,132,126,2015,11139163.0,65997268.0
6546,177,135,126,2015,925583.0,0.0
6547,177,151,126,2015,9778.0,0.0
6548,177,164,126,2015,0.0,5155.0
6549,177,167,126,2015,55552.0,0.0
6550,177,187,126,2015,492037.0,0.0
6551,177,201,126,2015,20056524.0,277467.0
6552,177,217,126,2015,675365.0,0.0
6553,177,219,126,2015,1319.0,0.0
6554,177,223,126,2015,163432.0,0.0
6555,177,232,126,2015,3404141.0,6119486.0
6556,177,38,126,2015,6079.0,0.0
6557,177,227,126,2015,4204024.0,0.0
6558,177,4,126,2015,438985.0,10554.0
6559,177,144,126,2015,116621.0,0.0
6560,177,9,126,2015,243403.0,0.0
6561,177,66,126,2015,10895910.0,0.0
6562,177,83,126,2015,2473651.0,0.0
6563,177,46,126,2015,67164.0,0.0
6564,177,141,126,2015,76943.0,0.0
6565,177,178,126,2015,21611.0,1228.0
6566,177,148,126,2015,315825.0,0.0
6567,177,109,126,2015,2681041.0,7694.0
6568,177,220,126,2015,54028.0,0.0
6569,177,176,126,2015,242933.0,0.0
6570,177,87,126,2015,11918.0,0.0
6571,177,45,126,2015,529052.0,0.0
6572,177,47,126,2015,26517.0,0.0
6573,177,89,126,2015,765987.0,0.0
6574,177,125,126,2015,346943.0,0.0
6575,177,155,126,2015,0.0,228108.0
6576,177,156,126,2015,66898.0,0.0
6577,177,157,126,2015,87979.0,0.0
6578,177,215,126,2015,403443.0,0.0
6579,177,21,126,2015,314068.0,0.0
6580,177,62,126,2015,0.0,12231.0
6581,177,101,126,2015,358233.0,0.0
6582,177,129,126,2015,0.0,222357.0
6583,177,50,126,2015,15217.0,0.0
6584,177,78,126,2015,4482.0,0.0
6585,177,202,126,2015,3685.0,0.0
6586,177,12,126,2015,63209.0,0.0
6587,177,210,126,2015,17444.0,0.0
6588,177,11,126,2015,6491.0,0.0
6589,177,1,129,2015,2418.0,0.0
6590,177,7,129,2015,5325049.0,1167.0
6591,177,8,129,2015,5413055.0,156038.0
6592,177,15,129,2015,18862833.0,339162434.0
6593,177,18,129,2015,26826310.0,193188397.0
6594,177,23,129,2015,30582699.0,36695063.0
6595,177,24,129,2015,38064.0,0.0
6596,177,32,129,2015,29046289.0,38879014.0
6597,177,33,129,2015,169872.0,0.0
6598,177,39,129,2015,2264110.0,15391754.0
6599,177,41,129,2015,21993127.0,466225626.0
6600,177,42,129,2015,2970074.0,0.0
6601,177,43,129,2015,37652264.0,30231761.0
6602,177,49,129,2015,1327490.0,25123.0
6603,177,52,129,2015,55247.0,0.0
6604,177,58,129,2015,231262.0,1444792.0
6605,177,61,129,2015,295323075.0,1169316120.0
6606,177,64,129,2015,97556643.0,91845513.0
6607,177,65,129,2015,130686.0,2203400.0
6608,177,67,129,2015,132188.0,0.0
6609,177,71,129,2015,520845693.0,152708975.0
6610,177,74,129,2015,67313421.0,16122583.0
6611,177,77,129,2015,221431906.0,367886044.0
6612,177,81,129,2015,152697974.0,283683003.0
6613,177,90,129,2015,4157406.0,23214568.0
6614,177,93,129,2015,8299.0,0.0
6615,177,96,129,2015,725.0,0.0
6616,177,97,129,2015,2822587.0,2948.0
6617,177,99,129,2015,168726.0,0.0
6618,177,102,129,2015,47885010.0,265410590.0
6619,177,103,129,2015,736453.0,67640.0
6620,177,104,129,2015,266437.0,18926109.0
6621,177,106,129,2015,14381410.0,207369849.0
6622,177,111,129,2015,142365429.0,210374094.0
6623,177,112,129,2015,243629.0,0.0
6624,177,113,129,2015,223575.0,16984.0
6625,177,114,129,2015,1889907.0,7165207.0
6626,177,121,129,2015,8489221.0,3063591.0
6627,177,122,129,2015,2226127.0,0.0
6628,177,130,129,2015,93216777.0,16707065.0
6629,177,138,129,2015,18109731.0,3432549.0
6630,177,153,129,2015,3610429.0,48532.0
6631,177,160,129,2015,42418.0,0.0
6632,177,162,129,2015,36438374.0,357339411.0
6633,177,163,129,2015,70764469.0,2968504.0
6634,177,166,129,2015,3234125.0,450173.0
6635,177,169,129,2015,12031665.0,0.0
6636,177,173,129,2015,179802.0,0.0
6637,177,174,129,2015,1037496.0,0.0
6638,177,179,129,2015,7576739.0,9030032.0
6639,177,188,129,2015,7551134.0,0.0
6640,177,190,129,2015,5507.0,0.0
6641,177,192,129,2015,1011867.0,909332.0
6642,177,197,129,2015,353198.0,0.0
6643,177,206,129,2015,73272623.0,24439750.0
6644,177,207,129,2015,31001050.0,204446172.0
6645,177,208,129,2015,105922463.0,12827274.0
6646,177,216,129,2015,5664406.0,388819.0
6647,177,222,129,2015,208912.0,0.0
6648,177,224,129,2015,22443602.0,5319175.0
6649,177,230,129,2015,316355.0,0.0
6650,177,231,129,2015,22818642.0,47156935.0
6651,177,236,129,2015,238103.0,0.0
6652,177,246,129,2015,30992343.0,35123.0
6653,177,249,129,2015,5255487.0,359256.0
6654,177,250,129,2015,234435.0,145618993.0
6655,177,59,129,2015,141960173.0,80996591.0
6656,177,124,129,2015,1234182.0,0.0
6657,177,131,129,2015,82096.0,103783.0
6658,177,168,129,2015,980272.0,132431.0
6659,177,243,129,2015,137580.0,0.0
6660,177,107,129,2015,1442410.0,526950.0
6661,177,110,129,2015,5393384.0,20742625.0
6662,177,115,129,2015,35544241.0,63314.0
6663,177,128,129,2015,182716.0,0.0
6664,177,183,129,2015,249035.0,0.0
6665,177,228,129,2015,39967992.0,1024256.0
6666,177,14,129,2015,27297968.0,6993060.0
6667,177,54,129,2015,23212.0,0.0
6668,177,73,129,2015,159057.0,0.0
6669,177,185,129,2015,34282156.0,33100337.0
6670,177,186,129,2015,221710218.0,16691.0
6671,177,145,129,2015,636141.0,0.0
6672,177,44,129,2015,7647.0,0.0
6673,177,140,129,2015,793887.0,87852.0
6674,177,134,129,2015,555009.0,50920.0
6675,177,239,129,2015,28021006.0,47727.0
6676,177,22,129,2015,15396.0,2421.0
6677,177,159,129,2015,504944.0,0.0
6678,177,142,129,2015,854092.0,15673413.0
6679,177,72,129,2015,28252268.0,51916.0
6680,177,181,129,2015,0.0,2228538.0
6681,177,123,129,2015,34244.0,0.0
6682,177,143,129,2015,39076.0,0.0
6683,177,191,129,2015,29980.0,0.0
6684,177,16,129,2015,3337797.0,0.0
6685,177,80,129,2015,0.0,50484.0
6686,177,0,129,2015,5570.0,0.0
6687,177,26,129,2015,514687.0,17684.0
6688,177,28,129,2015,37318342.0,10559.0
6689,177,68,129,2015,3453093.0,421754.0
6690,177,82,129,2015,14863708.0,239268.0
6691,177,100,129,2015,9480066.0,14142603.0
6692,177,108,129,2015,406745.0,0.0
6693,177,116,129,2015,2193167.0,0.0
6694,177,117,129,2015,840571.0,0.0
6695,177,132,129,2015,35843257.0,3650274.0
6696,177,135,129,2015,2223961.0,0.0
6697,177,151,129,2015,1657.0,0.0
6698,177,164,129,2015,8132.0,0.0
6699,177,167,129,2015,353674.0,82759.0
6700,177,187,129,2015,1301.0,0.0
6701,177,201,129,2015,4184574.0,58395.0
6702,177,217,129,2015,26289.0,0.0
6703,177,219,129,2015,1934476.0,0.0
6704,177,223,129,2015,92915.0,0.0
6705,177,232,129,2015,11372745.0,0.0
6706,177,38,129,2015,1471.0,0.0
6707,177,227,129,2015,3799.0,4410.0
6708,177,4,129,2015,202063.0,0.0
6709,177,144,129,2015,43211.0,0.0
6710,177,9,129,2015,928864.0,0.0
6711,177,66,129,2015,863384.0,351668.0
6712,177,83,129,2015,19004.0,0.0
6713,177,141,129,2015,0.0,56177.0
6714,177,178,129,2015,0.0,115345.0
6715,177,148,129,2015,18549.0,0.0
6716,177,109,129,2015,3404520.0,6470416.0
6717,177,136,129,2015,1665.0,0.0
6718,177,45,129,2015,7760.0,0.0
6719,177,47,129,2015,9644.0,0.0
6720,177,126,129,2015,144931.0,0.0
6721,177,155,129,2015,1003.0,0.0
6722,177,156,129,2015,115723.0,0.0
6723,177,157,129,2015,161070.0,0.0
6724,177,215,129,2015,13323.0,0.0
6725,177,182,129,2015,17874.0,0.0
6726,177,198,129,2015,0.0,254640.0
6727,177,11,129,2015,9451.0,0.0
6728,177,7,131,2015,797377.0,4066.0
6729,177,8,131,2015,189513.0,294561.0
6730,177,15,131,2015,6706505.0,33656424.0
6731,177,18,131,2015,31717383.0,70517564.0
6732,177,23,131,2015,4323457.0,339025.0
6733,177,24,131,2015,94559.0,0.0
6734,177,32,131,2015,1297155.0,821182.0
6735,177,33,131,2015,134196.0,0.0
6736,177,39,131,2015,2762795.0,908463.0
6737,177,41,131,2015,3049125.0,41084835.0
6738,177,42,131,2015,134502.0,0.0
6739,177,43,131,2015,1727066.0,16019240.0
6740,177,49,131,2015,174053.0,0.0
6741,177,58,131,2015,227737.0,40818.0
6742,177,61,131,2015,107189134.0,582685671.0
6743,177,64,131,2015,14449844.0,38400060.0
6744,177,65,131,2015,43900.0,0.0
6745,177,67,131,2015,64001.0,0.0
6746,177,71,131,2015,10941343.0,84811831.0
6747,177,74,131,2015,9098933.0,14471143.0
6748,177,77,131,2015,31854698.0,96928780.0
6749,177,81,131,2015,23753197.0,117562649.0
6750,177,90,131,2015,1794318.0,2746298.0
6751,177,97,131,2015,315374.0,278382.0
6752,177,99,131,2015,851.0,0.0
6753,177,102,131,2015,25355631.0,4185633.0
6754,177,103,131,2015,59738.0,1118696.0
6755,177,104,131,2015,289347.0,11358462.0
6756,177,106,131,2015,2136840.0,2014036.0
6757,177,111,131,2015,25955849.0,180306797.0
6758,177,113,131,2015,25878.0,0.0
6759,177,114,131,2015,761317.0,5747621.0
6760,177,121,131,2015,240406.0,4177410.0
6761,177,122,131,2015,461043.0,0.0
6762,177,130,131,2015,31299446.0,3156237.0
6763,177,138,131,2015,128320.0,350855.0
6764,177,153,131,2015,112275.0,2339499.0
6765,177,160,131,2015,9411.0,14007.0
6766,177,162,131,2015,14769909.0,113632641.0
6767,177,163,131,2015,4541531.0,1740081.0
6768,177,166,131,2015,736993.0,12049.0
6769,177,169,131,2015,20346.0,0.0
6770,177,173,131,2015,41127.0,478790.0
6771,177,174,131,2015,59334.0,228419.0
6772,177,179,131,2015,2325869.0,2051388.0
6773,177,180,131,2015,543.0,0.0
6774,177,188,131,2015,342011.0,214177.0
6775,177,192,131,2015,257158.0,1041833.0
6776,177,197,131,2015,1109.0,0.0
6777,177,205,131,2015,177580.0,0.0
6778,177,206,131,2015,28608449.0,10952427.0
6779,177,207,131,2015,2663331.0,10480697.0
6780,177,208,131,2015,17068240.0,63592235.0
6781,177,216,131,2015,1113013.0,580876.0
6782,177,222,131,2015,6756.0,0.0
6783,177,224,131,2015,18777832.0,8055745.0
6784,177,230,131,2015,12297.0,325160.0
6785,177,231,131,2015,7336269.0,6243659.0
6786,177,246,131,2015,529815.0,173029.0
6787,177,249,131,2015,56943.0,3011894.0
6788,177,250,131,2015,185976.0,971827.0
6789,177,29,131,2015,53695.0,0.0
6790,177,59,131,2015,70012217.0,52991037.0
6791,177,124,131,2015,110123.0,90729.0
6792,177,131,131,2015,1696348.0,7434300.0
6793,177,168,131,2015,53759.0,4053.0
6794,177,2,131,2015,27730.0,0.0
6795,177,25,131,2015,128453.0,0.0
6796,177,107,131,2015,93446.0,59711.0
6797,177,110,131,2015,770143.0,1287846.0
6798,177,115,131,2015,14069830.0,120136.0
6799,177,128,131,2015,3037.0,0.0
6800,177,183,131,2015,36369.0,0.0
6801,177,228,131,2015,53195185.0,2020734.0
6802,177,13,131,2015,45285.0,0.0
6803,177,14,131,2015,665893.0,288835.0
6804,177,73,131,2015,90985.0,0.0
6805,177,185,131,2015,18964371.0,2148602.0
6806,177,186,131,2015,162159519.0,143791.0
6807,177,31,131,2015,12180.0,0.0
6808,177,145,131,2015,540109.0,0.0
6809,177,226,131,2015,2548.0,0.0
6810,177,44,131,2015,1628020.0,0.0
6811,177,140,131,2015,296153.0,1978.0
6812,177,134,131,2015,95295.0,28034.0
6813,177,85,131,2015,1421.0,0.0
6814,177,239,131,2015,240396.0,38213.0
6815,177,22,131,2015,16633.0,0.0
6816,177,159,131,2015,71863.0,0.0
6817,177,142,131,2015,126759.0,0.0
6818,177,72,131,2015,13362541.0,4994295.0
6819,177,181,131,2015,15893.0,0.0
6820,177,234,131,2015,59966.0,0.0
6821,177,143,131,2015,0.0,7249.0
6822,177,191,131,2015,67031.0,0.0
6823,177,16,131,2015,1573948.0,0.0
6824,177,80,131,2015,1444.0,0.0
6825,177,26,131,2015,430366.0,0.0
6826,177,28,131,2015,23833793.0,1508742.0
6827,177,68,131,2015,94397.0,220127.0
6828,177,82,131,2015,1681536.0,22117.0
6829,177,100,131,2015,3982502.0,473358.0
6830,177,108,131,2015,16577.0,0.0
6831,177,116,131,2015,29878.0,0.0
6832,177,117,131,2015,214022.0,0.0
6833,177,132,131,2015,10784863.0,2599612.0
6834,177,135,131,2015,3962475.0,0.0
6835,177,151,131,2015,17728.0,0.0
6836,177,167,131,2015,72163.0,0.0
6837,177,201,131,2015,3938794.0,317348.0
6838,177,217,131,2015,50186.0,0.0
6839,177,219,131,2015,197215.0,0.0
6840,177,223,131,2015,276851.0,0.0
6841,177,232,131,2015,2658112.0,0.0
6842,177,227,131,2015,1128.0,0.0
6843,177,4,131,2015,96064.0,0.0
6844,177,144,131,2015,103143.0,0.0
6845,177,9,131,2015,505868.0,0.0
6846,177,66,131,2015,539968.0,0.0
6847,177,17,131,2015,11805.0,0.0
6848,177,83,131,2015,228307.0,0.0
6849,177,46,131,2015,5291.0,0.0
6850,177,139,131,2015,88100.0,0.0
6851,177,178,131,2015,2849.0,0.0
6852,177,109,131,2015,55563.0,2087.0
6853,177,176,131,2015,2707.0,0.0
6854,177,45,131,2015,262725.0,0.0
6855,177,47,131,2015,139811.0,0.0
6856,177,84,131,2015,8591.0,0.0
6857,177,89,131,2015,6531.0,0.0
6858,177,125,131,2015,82704.0,0.0
6859,177,126,131,2015,10269.0,0.0
6860,177,155,131,2015,23717.0,5024.0
6861,177,156,131,2015,15663.0,0.0
6862,177,196,131,2015,0.0,243873.0
6863,177,21,131,2015,7377.0,0.0
6864,177,62,131,2015,31392.0,17399.0
6865,177,199,131,2015,8585.0,0.0
6866,177,69,131,2015,0.0,32719.0
6867,177,182,131,2015,3607.0,0.0
6868,177,137,131,2015,1514.0,0.0
6869,177,1,133,2015,38056.0,0.0
6870,177,7,133,2015,4479623.0,171829.0
6871,177,8,133,2015,123096.0,1717.0
6872,177,15,133,2015,51289823.0,49363223.0
6873,177,18,133,2015,59732357.0,53695362.0
6874,177,23,133,2015,4749349.0,262871.0
6875,177,24,133,2015,83135.0,0.0
6876,177,32,133,2015,351893.0,84850.0
6877,177,33,133,2015,20909.0,0.0
6878,177,39,133,2015,11660179.0,1886447.0
6879,177,41,133,2015,14780704.0,10721318.0
6880,177,42,133,2015,1159257.0,0.0
6881,177,43,133,2015,3883964.0,10371929.0
6882,177,49,133,2015,780871.0,0.0
6883,177,52,133,2015,170467.0,0.0
6884,177,58,133,2015,766367.0,0.0
6885,177,61,133,2015,414191504.0,375877476.0
6886,177,64,133,2015,26557001.0,10399814.0
6887,177,65,133,2015,29855.0,0.0
6888,177,67,133,2015,137368.0,10817.0
6889,177,71,133,2015,36777625.0,26278308.0
6890,177,74,133,2015,11245863.0,844247.0
6891,177,77,133,2015,85428353.0,93613527.0
6892,177,81,133,2015,143249670.0,37250204.0
6893,177,90,133,2015,8710908.0,4053802.0
6894,177,93,133,2015,178831.0,0.0
6895,177,96,133,2015,1674.0,0.0
6896,177,97,133,2015,710257.0,77416.0
6897,177,99,133,2015,118707.0,221957.0
6898,177,102,133,2015,73597728.0,50986405.0
6899,177,103,133,2015,2139203.0,9936145.0
6900,177,104,133,2015,1219252.0,4161624.0
6901,177,106,133,2015,3078481.0,3732049.0
6902,177,111,133,2015,59186786.0,62293489.0
6903,177,113,133,2015,929347.0,13099.0
6904,177,114,133,2015,906322.0,3937696.0
6905,177,118,133,2015,1255.0,0.0
6906,177,121,133,2015,3400089.0,862029.0
6907,177,122,133,2015,121762.0,0.0
6908,177,130,133,2015,40190283.0,8299699.0
6909,177,138,133,2015,2687712.0,6530.0
6910,177,153,133,2015,1713582.0,3842140.0
6911,177,160,133,2015,2396.0,0.0
6912,177,162,133,2015,94396556.0,66517280.0
6913,177,163,133,2015,5275704.0,2448195.0
6914,177,166,133,2015,1703239.0,3262844.0
6915,177,169,133,2015,7495.0,0.0
6916,177,173,133,2015,844229.0,0.0
6917,177,174,133,2015,283593.0,191454.0
6918,177,179,133,2015,12236501.0,3406240.0
6919,177,188,133,2015,3093858.0,0.0
6920,177,190,133,2015,45690.0,0.0
6921,177,192,133,2015,1225089.0,318595.0
6922,177,197,133,2015,5806.0,5497.0
6923,177,205,133,2015,12763.0,65720.0
6924,177,206,133,2015,39970262.0,17938078.0
6925,177,207,133,2015,3793159.0,3351738.0
6926,177,208,133,2015,28130455.0,15152681.0
6927,177,216,133,2015,6951080.0,3923068.0
6928,177,222,133,2015,17202.0,0.0
6929,177,224,133,2015,57236675.0,15314974.0
6930,177,230,133,2015,17272.0,0.0
6931,177,231,133,2015,51984636.0,11502510.0
6932,177,246,133,2015,2850183.0,14439.0
6933,177,249,133,2015,1370588.0,241197.0
6934,177,250,133,2015,80659.0,385496.0
6935,177,29,133,2015,28421.0,0.0
6936,177,59,133,2015,69461347.0,90263500.0
6937,177,124,133,2015,1195796.0,0.0
6938,177,131,133,2015,567038.0,4019695.0
6939,177,168,133,2015,207989.0,1835.0
6940,177,2,133,2015,1727.0,0.0
6941,177,107,133,2015,62291.0,0.0
6942,177,110,133,2015,9257324.0,1301174.0
6943,177,115,133,2015,3794911.0,0.0
6944,177,128,133,2015,154336.0,0.0
6945,177,183,133,2015,224287.0,0.0
6946,177,212,133,2015,2853.0,239003.0
6947,177,228,133,2015,38726130.0,17469030.0
6948,177,14,133,2015,17947764.0,288968.0
6949,177,54,133,2015,3083.0,0.0
6950,177,73,133,2015,1563.0,0.0
6951,177,185,133,2015,40792274.0,6610370.0
6952,177,186,133,2015,76959016.0,4098289.0
6953,177,31,133,2015,1871.0,0.0
6954,177,145,133,2015,877600.0,0.0
6955,177,226,133,2015,36969.0,0.0
6956,177,44,133,2015,47026.0,0.0
6957,177,140,133,2015,424777.0,0.0
6958,177,134,133,2015,1273129.0,28148.0
6959,177,239,133,2015,1375226.0,458427.0
6960,177,22,133,2015,6220.0,0.0
6961,177,159,133,2015,80700.0,1046.0
6962,177,142,133,2015,575486.0,0.0
6963,177,72,133,2015,16204026.0,259824.0
6964,177,19,133,2015,8556.0,0.0
6965,177,181,133,2015,83453.0,4045.0
6966,177,143,133,2015,21284.0,0.0
6967,177,191,133,2015,7259.0,0.0
6968,177,16,133,2015,1100758.0,0.0
6969,177,26,133,2015,2624884.0,1641.0
6970,177,28,133,2015,13306766.0,14214812.0
6971,177,68,133,2015,1629002.0,0.0
6972,177,82,133,2015,1225577.0,164346.0
6973,177,100,133,2015,5646578.0,98004.0
6974,177,108,133,2015,1302737.0,0.0
6975,177,116,133,2015,43050.0,0.0
6976,177,117,133,2015,816124.0,0.0
6977,177,132,133,2015,31176727.0,2045611.0
6978,177,135,133,2015,2907723.0,142014.0
6979,177,151,133,2015,63615.0,0.0
6980,177,164,133,2015,734.0,0.0
6981,177,167,133,2015,31880.0,0.0
6982,177,201,133,2015,5548679.0,4772282.0
6983,177,217,133,2015,269430.0,0.0
6984,177,219,133,2015,538581.0,0.0
6985,177,223,133,2015,308843.0,0.0
6986,177,232,133,2015,1331403.0,0.0
6987,177,38,133,2015,12187.0,0.0
6988,177,211,133,2015,5621.0,0.0
6989,177,227,133,2015,19982.0,0.0
6990,177,4,133,2015,118390.0,0.0
6991,177,144,133,2015,120002.0,0.0
6992,177,9,133,2015,959984.0,0.0
6993,177,66,133,2015,838494.0,0.0
6994,177,83,133,2015,18140.0,0.0
6995,177,46,133,2015,15817.0,0.0
6996,177,141,133,2015,0.0,2496.0
6997,177,148,133,2015,1747.0,0.0
6998,177,109,133,2015,163545.0,0.0
6999,177,136,133,2015,217360.0,0.0
7000,177,45,133,2015,100972.0,0.0
7001,177,47,133,2015,89458.0,0.0
7002,177,51,133,2015,20733.0,0.0
7003,177,89,133,2015,1971.0,0.0
7004,177,92,133,2015,7873.0,0.0
7005,177,125,133,2015,19358.0,0.0
7006,177,126,133,2015,1597199.0,0.0
7007,177,155,133,2015,0.0,1710.0
7008,177,156,133,2015,26672.0,0.0
7009,177,196,133,2015,9549.0,0.0
7010,177,215,133,2015,3436.0,0.0
7011,177,247,133,2015,8652.0,0.0
7012,177,21,133,2015,9294.0,0.0
7013,177,62,133,2015,0.0,4673.0
7014,177,69,133,2015,0.0,1436.0
7015,177,182,133,2015,17245.0,0.0
7016,177,198,133,2015,0.0,89089.0
7017,177,137,133,2015,1216.0,0.0
7018,177,12,133,2015,1110.0,0.0
7019,177,11,133,2015,5874.0,0.0
7020,177,7,134,2015,192118.0,2622.0
7021,177,8,134,2015,17403.0,88616.0
7022,177,15,134,2015,996003.0,4714559.0
7023,177,18,134,2015,2131761.0,23603684.0
7024,177,23,134,2015,765135.0,2460538.0
7025,177,24,134,2015,14968.0,0.0
7026,177,32,134,2015,240614.0,508544.0
7027,177,39,134,2015,275640.0,129309.0
7028,177,41,134,2015,2366342.0,13692981.0
7029,177,42,134,2015,97307.0,0.0
7030,177,43,134,2015,2206045.0,13903383.0
7031,177,49,134,2015,7291.0,0.0
7032,177,58,134,2015,3925.0,0.0
7033,177,61,134,2015,22807055.0,206745147.0
7034,177,64,134,2015,2316764.0,38056443.0
7035,177,65,134,2015,3731.0,0.0
7036,177,67,134,2015,194393.0,0.0
7037,177,71,134,2015,4752174.0,8219264.0
7038,177,74,134,2015,410320.0,6772124.0
7039,177,77,134,2015,4124331.0,44704576.0
7040,177,81,134,2015,7860355.0,11108131.0
7041,177,90,134,2015,311502.0,166859.0
7042,177,96,134,2015,12536.0,0.0
7043,177,97,134,2015,386273.0,3687.0
7044,177,102,134,2015,1941680.0,2395551.0
7045,177,103,134,2015,233219.0,0.0
7046,177,104,134,2015,519395.0,393397.0
7047,177,106,134,2015,107861.0,8493387.0
7048,177,111,134,2015,5914750.0,31391758.0
7049,177,113,134,2015,90957.0,0.0
7050,177,114,134,2015,508956.0,921757.0
7051,177,118,134,2015,1360.0,0.0
7052,177,121,134,2015,711462.0,1613331.0
7053,177,122,134,2015,810.0,0.0
7054,177,130,134,2015,7687282.0,2377147.0
7055,177,138,134,2015,142855.0,5726.0
7056,177,153,134,2015,112700.0,1213611.0
7057,177,160,134,2015,1548.0,0.0
7058,177,162,134,2015,9725838.0,64996824.0
7059,177,163,134,2015,530049.0,42486.0
7060,177,166,134,2015,26317.0,160386.0
7061,177,169,134,2015,34955.0,0.0
7062,177,173,134,2015,92432.0,0.0
7063,177,174,134,2015,43917.0,0.0
7064,177,179,134,2015,440057.0,5285876.0
7065,177,188,134,2015,95458.0,0.0
7066,177,192,134,2015,29894.0,45730.0
7067,177,205,134,2015,961.0,0.0
7068,177,206,134,2015,4638021.0,5316015.0
7069,177,207,134,2015,664363.0,520989.0
7070,177,208,134,2015,5094855.0,19276602.0
7071,177,216,134,2015,234868.0,113729.0
7072,177,224,134,2015,1068110.0,1781529.0
7073,177,230,134,2015,8117.0,1991635.0
7074,177,231,134,2015,2409379.0,8026997.0
7075,177,246,134,2015,52880.0,15984.0
7076,177,249,134,2015,717237.0,3236514.0
7077,177,250,134,2015,0.0,932610.0
7078,177,29,134,2015,28505.0,0.0
7079,177,59,134,2015,10345806.0,2545279.0
7080,177,124,134,2015,3031.0,0.0
7081,177,131,134,2015,11652.0,200482.0
7082,177,168,134,2015,2110.0,0.0
7083,177,2,134,2015,4993.0,0.0
7084,177,107,134,2015,45169.0,0.0
7085,177,110,134,2015,117965.0,352306.0
7086,177,115,134,2015,2320869.0,0.0
7087,177,128,134,2015,1057.0,0.0
7088,177,183,134,2015,26364.0,0.0
7089,177,228,134,2015,10361479.0,49549.0
7090,177,14,134,2015,472539.0,5903.0
7091,177,185,134,2015,3074304.0,346241.0
7092,177,186,134,2015,29894438.0,36387.0
7093,177,145,134,2015,13935.0,0.0
7094,177,140,134,2015,36634.0,0.0
7095,177,134,134,2015,8435.0,0.0
7096,177,85,134,2015,2846.0,0.0
7097,177,239,134,2015,81020.0,0.0
7098,177,159,134,2015,11255.0,0.0
7099,177,142,134,2015,7263.0,0.0
7100,177,237,134,2015,2079.0,0.0
7101,177,72,134,2015,773398.0,108661.0
7102,177,16,134,2015,112095.0,0.0
7103,177,26,134,2015,200633.0,0.0
7104,177,28,134,2015,7919908.0,5425.0
7105,177,68,134,2015,46099.0,0.0
7106,177,82,134,2015,102066.0,10347.0
7107,177,100,134,2015,301912.0,97208.0
7108,177,108,134,2015,8693.0,0.0
7109,177,117,134,2015,145724.0,0.0
7110,177,132,134,2015,1849725.0,14909181.0
7111,177,135,134,2015,749811.0,6563.0
7112,177,151,134,2015,2715.0,0.0
7113,177,167,134,2015,38600.0,0.0
7114,177,201,134,2015,1162930.0,111036.0
7115,177,217,134,2015,22284.0,0.0
7116,177,219,134,2015,20830.0,0.0
7117,177,223,134,2015,8338.0,0.0
7118,177,232,134,2015,878813.0,0.0
7119,177,144,134,2015,7588.0,0.0
7120,177,9,134,2015,72493.0,0.0
7121,177,66,134,2015,92037.0,0.0
7122,177,109,134,2015,15737.0,53123.0
7123,177,47,134,2015,2078.0,0.0
7124,177,89,134,2015,5206.0,0.0
7125,177,125,134,2015,1256.0,0.0
7126,177,156,134,2015,2259.0,0.0
7127,177,21,134,2015,5384.0,0.0
7128,177,182,134,2015,363.0,0.0
7129,177,137,134,2015,12346.0,0.0
7130,177,7,135,2015,11996.0,0.0
7131,177,15,135,2015,1450794.0,0.0
7132,177,18,135,2015,486437.0,95407.0
7133,177,23,135,2015,1488677.0,538616.0
7134,177,39,135,2015,312260.0,0.0
7135,177,41,135,2015,141683.0,69716.0
7136,177,43,135,2015,0.0,20724394.0
7137,177,58,135,2015,29635.0,0.0
7138,177,61,135,2015,8167066.0,11946548.0
7139,177,64,135,2015,314835.0,48697.0
7140,177,67,135,2015,0.0,7152.0
7141,177,71,135,2015,322086.0,1668596.0
7142,177,74,135,2015,1303946.0,281949.0
7143,177,77,135,2015,1801898.0,619669.0
7144,177,81,135,2015,776190.0,1091741.0
7145,177,90,135,2015,2301469.0,30529.0
7146,177,102,135,2015,316319.0,535702.0
7147,177,103,135,2015,0.0,23494.0
7148,177,104,135,2015,81713.0,217915.0
7149,177,106,135,2015,162779.0,0.0
7150,177,111,135,2015,2971438.0,2213166.0
7151,177,114,135,2015,5784.0,1875237.0
7152,177,121,135,2015,0.0,16276.0
7153,177,130,135,2015,796179.0,38981.0
7154,177,162,135,2015,2658950.0,118501.0
7155,177,163,135,2015,3291522.0,366382.0
7156,177,173,135,2015,197475.0,0.0
7157,177,179,135,2015,9332.0,8866.0
7158,177,188,135,2015,475660.0,0.0
7159,177,206,135,2015,1587578.0,158667.0
7160,177,207,135,2015,28606.0,0.0
7161,177,208,135,2015,3905793.0,839950.0
7162,177,216,135,2015,1874.0,4413311.0
7163,177,224,135,2015,1135041.0,0.0
7164,177,231,135,2015,5702208.0,5351719.0
7165,177,246,135,2015,10642.0,278564.0
7166,177,59,135,2015,895503.0,18541419.0
7167,177,124,135,2015,1211.0,0.0
7168,177,131,135,2015,3975.0,0.0
7169,177,128,135,2015,17519.0,0.0
7170,177,228,135,2015,1046724.0,4182.0
7171,177,14,135,2015,154440.0,0.0
7172,177,185,135,2015,2973579.0,45624.0
7173,177,186,135,2015,213233.0,91516.0
7174,177,239,135,2015,72253.0,0.0
7175,177,72,135,2015,239809.0,146086.0
7176,177,191,135,2015,8742.0,0.0
7177,177,16,135,2015,53071.0,0.0
7178,177,26,135,2015,25963.0,0.0
7179,177,28,135,2015,84238.0,5601.0
7180,177,82,135,2015,11061.0,0.0
7181,177,100,135,2015,231089.0,959934.0
7182,177,132,135,2015,792658.0,0.0
7183,177,135,135,2015,38689.0,0.0
7184,177,201,135,2015,67047.0,0.0
7185,177,4,135,2015,50907.0,0.0
7186,177,144,135,2015,0.0,5637.0
7187,177,66,135,2015,86142.0,0.0
7188,177,109,135,2015,51781.0,0.0
7189,177,5,135,2015,2080.0,0.0
7190,177,7,136,2015,75429.0,0.0
7191,177,8,136,2015,0.0,3827.0
7192,177,15,136,2015,499295.0,148871.0
7193,177,18,136,2015,120726.0,7892610.0
7194,177,23,136,2015,153181.0,73607.0
7195,177,39,136,2015,1417.0,34251.0
7196,177,41,136,2015,8758.0,912282.0
7197,177,43,136,2015,18001.0,5606630.0
7198,177,58,136,2015,11948.0,0.0
7199,177,61,136,2015,5374989.0,61830289.0
7200,177,64,136,2015,164400.0,205686.0
7201,177,71,136,2015,320990.0,2613723.0
7202,177,74,136,2015,40155.0,17418.0
7203,177,77,136,2015,483189.0,2907541.0
7204,177,81,136,2015,359131.0,3568801.0
7205,177,90,136,2015,488697.0,395506.0
7206,177,97,136,2015,68096.0,66023.0
7207,177,102,136,2015,674588.0,6734359.0
7208,177,103,136,2015,7948.0,0.0
7209,177,106,136,2015,0.0,15079.0
7210,177,111,136,2015,702953.0,1723096.0
7211,177,114,136,2015,17428.0,6140165.0
7212,177,118,136,2015,0.0,10854.0
7213,177,121,136,2015,116036.0,328436.0
7214,177,130,136,2015,215632.0,1047864.0
7215,177,138,136,2015,0.0,462053.0
7216,177,153,136,2015,0.0,757055.0
7217,177,162,136,2015,2461294.0,37050627.0
7218,177,163,136,2015,10729.0,0.0
7219,177,174,136,2015,0.0,46860.0
7220,177,179,136,2015,10073.0,21296.0
7221,177,192,136,2015,0.0,811.0
7222,177,206,136,2015,3771527.0,19089.0
7223,177,207,136,2015,235497.0,256296.0
7224,177,208,136,2015,15338.0,9095.0
7225,177,216,136,2015,0.0,5060.0
7226,177,224,136,2015,166918.0,224402.0
7227,177,231,136,2015,142847.0,7141895.0
7228,177,246,136,2015,13902.0,0.0
7229,177,249,136,2015,0.0,220624.0
7230,177,250,136,2015,0.0,4423.0
7231,177,59,136,2015,10051504.0,6465687.0
7232,177,124,136,2015,30684.0,0.0
7233,177,131,136,2015,1382251.0,42692.0
7234,177,168,136,2015,7194.0,0.0
7235,177,2,136,2015,3762.0,0.0
7236,177,107,136,2015,161272.0,0.0
7237,177,110,136,2015,31945.0,1774.0
7238,177,228,136,2015,1497956.0,19904.0
7239,177,14,136,2015,4188.0,0.0
7240,177,185,136,2015,883281.0,1058232.0
7241,177,186,136,2015,643593.0,83986.0
7242,177,140,136,2015,60310.0,0.0
7243,177,134,136,2015,425060.0,0.0
7244,177,239,136,2015,0.0,135114.0
7245,177,159,136,2015,3093.0,0.0
7246,177,142,136,2015,0.0,298259.0
7247,177,72,136,2015,329844.0,77000.0
7248,177,143,136,2015,0.0,1747.0
7249,177,16,136,2015,1203.0,0.0
7250,177,26,136,2015,44671.0,0.0
7251,177,28,136,2015,352798.0,0.0
7252,177,82,136,2015,13687.0,1000.0
7253,177,100,136,2015,3221.0,0.0
7254,177,117,136,2015,2211.0,0.0
7255,177,132,136,2015,146965.0,1093901.0
7256,177,135,136,2015,16706.0,0.0
7257,177,151,136,2015,41166.0,0.0
7258,177,167,136,2015,1433.0,0.0
7259,177,201,136,2015,255001.0,0.0
7260,177,223,136,2015,46278.0,0.0
7261,177,232,136,2015,2736.0,0.0
7262,177,144,136,2015,1247.0,0.0
7263,177,66,136,2015,5364.0,0.0
7264,177,83,136,2015,19352.0,0.0
7265,177,178,136,2015,0.0,5723.0
7266,177,109,136,2015,5324.0,0.0
7267,177,126,136,2015,36114.0,0.0
7268,177,8,140,2015,0.0,121087.0
7269,177,15,140,2015,1273145.0,14907131.0
7270,177,18,140,2015,1744706.0,1534610.0
7271,177,23,140,2015,43995.0,2142280.0
7272,177,32,140,2015,0.0,4361093.0
7273,177,39,140,2015,1096.0,0.0
7274,177,41,140,2015,720917.0,264133.0
7275,177,43,140,2015,3942032.0,1006841.0
7276,177,61,140,2015,52738247.0,135174842.0
7277,177,64,140,2015,2857550.0,14431342.0
7278,177,71,140,2015,2798924.0,1453477.0
7279,177,74,140,2015,99151.0,1913908.0
7280,177,77,140,2015,1896264.0,4758043.0
7281,177,81,140,2015,4207332.0,19844345.0
7282,177,90,140,2015,145390.0,1937976.0
7283,177,97,140,2015,4629726.0,4713.0
7284,177,102,140,2015,687805.0,1042514.0
7285,177,103,140,2015,454835.0,1764.0
7286,177,104,140,2015,1012293.0,3727699.0
7287,177,106,140,2015,0.0,1371860.0
7288,177,111,140,2015,64617655.0,228958864.0
7289,177,114,140,2015,1184533.0,9689.0
7290,177,121,140,2015,395666.0,125253.0
7291,177,130,140,2015,1586908.0,6620260.0
7292,177,138,140,2015,403619.0,78061.0
7293,177,153,140,2015,10594.0,0.0
7294,177,162,140,2015,4689150.0,20580049.0
7295,177,163,140,2015,83296.0,52467.0
7296,177,166,140,2015,2856.0,22419.0
7297,177,179,140,2015,835628.0,713300.0
7298,177,188,140,2015,0.0,53292.0
7299,177,206,140,2015,9833110.0,4209183.0
7300,177,207,140,2015,307952.0,1223559.0
7301,177,208,140,2015,830285.0,2016752.0
7302,177,216,140,2015,5963921.0,3662499.0
7303,177,224,140,2015,190790.0,2002745.0
7304,177,230,140,2015,107226.0,4790987.0
7305,177,231,140,2015,412358.0,6420580.0
7306,177,246,140,2015,235950.0,3468115.0
7307,177,249,140,2015,696293.0,777971.0
7308,177,250,140,2015,0.0,294395.0
7309,177,59,140,2015,22255305.0,10813376.0
7310,177,168,140,2015,47979.0,2311363.0
7311,177,107,140,2015,0.0,19494.0
7312,177,110,140,2015,209130.0,139720.0
7313,177,115,140,2015,0.0,78389.0
7314,177,183,140,2015,5305.0,0.0
7315,177,212,140,2015,0.0,177857.0
7316,177,228,140,2015,55556725.0,25723267.0
7317,177,14,140,2015,15816.0,2381706.0
7318,177,73,140,2015,0.0,305961.0
7319,177,185,140,2015,1259276.0,447377.0
7320,177,186,140,2015,735144.0,4168296.0
7321,177,140,140,2015,0.0,268333.0
7322,177,134,140,2015,21429.0,0.0
7323,177,239,140,2015,1616738.0,0.0
7324,177,22,140,2015,309267.0,2717953.0
7325,177,159,140,2015,104921.0,13656.0
7326,177,72,140,2015,723406.0,45788.0
7327,177,143,140,2015,0.0,43617.0
7328,177,26,140,2015,4594477.0,1512194.0
7329,177,28,140,2015,4447557.0,11091902.0
7330,177,100,140,2015,1083759.0,557695.0
7331,177,132,140,2015,47841.0,158615.0
7332,177,135,140,2015,26010.0,45329.0
7333,177,201,140,2015,99020.0,235847.0
7334,177,4,140,2015,16576.0,0.0
7335,177,83,140,2015,1497386.0,0.0
7336,177,109,140,2015,0.0,56011.0
7337,177,155,140,2015,0.0,1780.0
7338,177,215,140,2015,179208.0,0.0
7339,177,78,140,2015,0.0,85795.0
7340,177,7,142,2015,23653.0,0.0
7341,177,8,142,2015,0.0,986941.0
7342,177,15,142,2015,185700.0,31609.0
7343,177,18,142,2015,89944.0,30206.0
7344,177,23,142,2015,14537.0,1103.0
7345,177,32,142,2015,1572.0,0.0
7346,177,39,142,2015,240888003.0,6362289.0
7347,177,41,142,2015,171166.0,3460.0
7348,177,42,142,2015,7095.0,0.0
7349,177,43,142,2015,75043.0,3614484.0
7350,177,49,142,2015,4344.0,0.0
7351,177,61,142,2015,6786477.0,4149990.0
7352,177,64,142,2015,82139559.0,11281126.0
7353,177,65,142,2015,69895.0,0.0
7354,177,71,142,2015,254973.0,1225791.0
7355,177,74,142,2015,36265620.0,5762053.0
7356,177,77,142,2015,1103963.0,350938.0
7357,177,81,142,2015,5801285.0,754556.0
7358,177,90,142,2015,551548.0,1900222.0
7359,177,97,142,2015,233571.0,519112.0
7360,177,102,142,2015,123289.0,1320.0
7361,177,103,142,2015,0.0,6789.0
7362,177,104,142,2015,24650.0,52167.0
7363,177,106,142,2015,21463.0,0.0
7364,177,111,142,2015,3668271.0,5449313.0
7365,177,114,142,2015,103681.0,0.0
7366,177,121,142,2015,160285.0,0.0
7367,177,122,142,2015,2083.0,0.0
7368,177,130,142,2015,122226.0,7188080.0
7369,177,138,142,2015,4074.0,0.0
7370,177,153,142,2015,1804.0,0.0
7371,177,162,142,2015,27206192.0,10025549.0
7372,177,163,142,2015,483897.0,17929.0
7373,177,166,142,2015,4653.0,0.0
7374,177,179,142,2015,166346.0,0.0
7375,177,188,142,2015,5223.0,0.0
7376,177,192,142,2015,8956.0,0.0
7377,177,206,142,2015,287163.0,171083.0
7378,177,207,142,2015,0.0,1254.0
7379,177,208,142,2015,308051.0,129723.0
7380,177,224,142,2015,270778.0,764256.0
7381,177,230,142,2015,0.0,9043.0
7382,177,231,142,2015,3771240.0,806509.0
7383,177,246,142,2015,0.0,5108.0
7384,177,249,142,2015,84485.0,0.0
7385,177,250,142,2015,2222.0,728003.0
7386,177,59,142,2015,164615.0,114015.0
7387,177,124,142,2015,7949.0,0.0
7388,177,168,142,2015,0.0,32358.0
7389,177,110,142,2015,3530.0,0.0
7390,177,115,142,2015,42057.0,0.0
7391,177,183,142,2015,2314.0,0.0
7392,177,228,142,2015,778344.0,5675392.0
7393,177,14,142,2015,113445.0,0.0
7394,177,185,142,2015,189369.0,1103.0
7395,177,186,142,2015,856563.0,630863.0
7396,177,145,142,2015,7359.0,0.0
7397,177,140,142,2015,28001.0,9090.0
7398,177,239,142,2015,0.0,240329.0
7399,177,22,142,2015,0.0,1492.0
7400,177,72,142,2015,421148.0,85916.0
7401,177,16,142,2015,18968.0,0.0
7402,177,28,142,2015,86231.0,0.0
7403,177,82,142,2015,7062.0,0.0
7404,177,100,142,2015,77346.0,0.0
7405,177,132,142,2015,231347.0,135336.0
7406,177,135,142,2015,8477.0,0.0
7407,177,201,142,2015,4855.0,0.0
7408,177,9,142,2015,2145.0,595388.0
7409,177,109,142,2015,120373.0,865936.0
7410,177,198,142,2015,0.0,48106.0
7411,177,78,142,2015,16242.0,0.0
7412,177,1,143,2015,10762.0,0.0
7413,177,7,143,2015,2805604.0,5563.0
7414,177,8,143,2015,146631.0,474725.0
7415,177,15,143,2015,64467564.0,64199769.0
7416,177,18,143,2015,90977676.0,17975511.0
7417,177,23,143,2015,11524463.0,1424559.0
7418,177,24,143,2015,96813.0,0.0
7419,177,32,143,2015,710187.0,1929294.0
7420,177,39,143,2015,4157082.0,675019.0
7421,177,41,143,2015,62708271.0,1908012.0
7422,177,42,143,2015,572317.0,443861.0
7423,177,43,143,2015,10732712.0,56193097.0
7424,177,49,143,2015,289134.0,0.0
7425,177,52,143,2015,55489.0,28205.0
7426,177,58,143,2015,271674.0,0.0
7427,177,61,143,2015,1204214230.0,348190142.0
7428,177,64,143,2015,125593792.0,37310670.0
7429,177,65,143,2015,9032.0,0.0
7430,177,67,143,2015,99328.0,3640517.0
7431,177,71,143,2015,33595729.0,14733959.0
7432,177,74,143,2015,18033037.0,46575824.0
7433,177,77,143,2015,290768998.0,16348234.0
7434,177,81,143,2015,366314462.0,2991553.0
7435,177,90,143,2015,3695166.0,174995.0
7436,177,93,143,2015,12179.0,0.0
7437,177,97,143,2015,374929.0,112841.0
7438,177,102,143,2015,45876523.0,19375099.0
7439,177,103,143,2015,2423170.0,8764422.0
7440,177,104,143,2015,2670350.0,971176.0
7441,177,106,143,2015,19739402.0,821087.0
7442,177,111,143,2015,161258363.0,19731388.0
7443,177,113,143,2015,90599.0,0.0
7444,177,114,143,2015,4078963.0,36952.0
7445,177,121,143,2015,2448610.0,1842810.0
7446,177,122,143,2015,639026.0,0.0
7447,177,130,143,2015,105580720.0,52814198.0
7448,177,138,143,2015,451363.0,9379.0
7449,177,153,143,2015,1951322.0,4454689.0
7450,177,162,143,2015,106480852.0,25290000.0
7451,177,163,143,2015,86489204.0,1840605.0
7452,177,166,143,2015,746411.0,0.0
7453,177,169,143,2015,3431.0,0.0
7454,177,173,143,2015,74995.0,88318.0
7455,177,174,143,2015,16934.0,12059.0
7456,177,179,143,2015,4103310.0,6345895.0
7457,177,180,143,2015,19120.0,863712.0
7458,177,188,143,2015,3944333.0,0.0
7459,177,190,143,2015,179599.0,0.0
7460,177,192,143,2015,348154.0,35164.0
7461,177,205,143,2015,9071.0,0.0
7462,177,206,143,2015,98156180.0,80470021.0
7463,177,207,143,2015,7179490.0,2378958.0
7464,177,208,143,2015,179835513.0,63065469.0
7465,177,216,143,2015,593229.0,226711.0
7466,177,222,143,2015,5041.0,0.0
7467,177,224,143,2015,13836883.0,555834.0
7468,177,230,143,2015,92958.0,95888.0
7469,177,231,143,2015,31632801.0,4001228.0
7470,177,246,143,2015,942785.0,20252.0
7471,177,249,143,2015,1663529.0,380705.0
7472,177,250,143,2015,87425.0,3656107.0
7473,177,59,143,2015,158788564.0,66121957.0
7474,177,124,143,2015,317139.0,0.0
7475,177,131,143,2015,2321607.0,964629.0
7476,177,168,143,2015,772840.0,0.0
7477,177,243,143,2015,454584.0,0.0
7478,177,2,143,2015,110272.0,0.0
7479,177,25,143,2015,2431.0,0.0
7480,177,107,143,2015,286725.0,0.0
7481,177,110,143,2015,3759488.0,19635.0
7482,177,115,143,2015,4958015.0,0.0
7483,177,128,143,2015,74457.0,208576.0
7484,177,183,143,2015,535651.0,0.0
7485,177,212,143,2015,0.0,1075.0
7486,177,228,143,2015,33357834.0,179779197.0
7487,177,14,143,2015,2557949.0,29048.0
7488,177,73,143,2015,207045.0,0.0
7489,177,185,143,2015,67727341.0,56108508.0
7490,177,186,143,2015,57292189.0,64290643.0
7491,177,31,143,2015,21589.0,42642.0
7492,177,145,143,2015,526767.0,0.0
7493,177,226,143,2015,5202.0,0.0
7494,177,44,143,2015,140045.0,84318.0
7495,177,140,143,2015,1612668.0,209315.0
7496,177,134,143,2015,3365319.0,0.0
7497,177,85,143,2015,1232.0,2635.0
7498,177,239,143,2015,1713320.0,1579144.0
7499,177,159,143,2015,5601204.0,2723660.0
7500,177,142,143,2015,725514.0,0.0
7501,177,237,143,2015,9627.0,0.0
7502,177,72,143,2015,16232702.0,17601158.0
7503,177,19,143,2015,15237.0,0.0
7504,177,181,143,2015,10938.0,0.0
7505,177,123,143,2015,0.0,3397.0
7506,177,143,143,2015,0.0,346913.0
7507,177,191,143,2015,393873.0,0.0
7508,177,16,143,2015,2139381.0,0.0
7509,177,80,143,2015,58046.0,258020.0
7510,177,26,143,2015,4151664.0,3316331.0
7511,177,28,143,2015,16544994.0,134108844.0
7512,177,68,143,2015,1912618.0,175667.0
7513,177,82,143,2015,1797779.0,246446.0
7514,177,100,143,2015,6981562.0,3669669.0
7515,177,108,143,2015,184508.0,0.0
7516,177,116,143,2015,123999.0,0.0
7517,177,117,143,2015,540045.0,0.0
7518,177,132,143,2015,20750321.0,39544690.0
7519,177,135,143,2015,6690985.0,207704.0
7520,177,151,143,2015,55459.0,0.0
7521,177,164,143,2015,8336.0,1790.0
7522,177,167,143,2015,233671.0,0.0
7523,177,201,143,2015,7782597.0,2450096.0
7524,177,217,143,2015,623558.0,0.0
7525,177,219,143,2015,138407.0,0.0
7526,177,223,143,2015,462239.0,1583.0
7527,177,232,143,2015,2953437.0,0.0
7528,177,38,143,2015,0.0,144725.0
7529,177,211,143,2015,11614.0,0.0
7530,177,227,143,2015,0.0,6311.0
7531,177,4,143,2015,125105.0,0.0
7532,177,144,143,2015,60267.0,0.0
7533,177,9,143,2015,132002.0,0.0
7534,177,66,143,2015,286921.0,0.0
7535,177,83,143,2015,112797.0,178905.0
7536,177,46,143,2015,0.0,46888.0
7537,177,109,143,2015,1778632.0,65464.0
7538,177,176,143,2015,0.0,156619.0
7539,177,214,143,2015,1266.0,0.0
7540,177,45,143,2015,0.0,391357.0
7541,177,47,143,2015,4824.0,490471.0
7542,177,92,143,2015,894.0,0.0
7543,177,126,143,2015,103232.0,0.0
7544,177,155,143,2015,0.0,231210.0
7545,177,156,143,2015,75865.0,0.0
7546,177,215,143,2015,206499.0,0.0
7547,177,5,143,2015,2245.0,0.0
7548,177,21,143,2015,38873.0,0.0
7549,177,199,143,2015,4741.0,0.0
7550,177,101,143,2015,8334.0,0.0
7551,177,182,143,2015,751.0,0.0
7552,177,198,143,2015,1327628.0,0.0
7553,177,78,143,2015,3302.0,0.0
7554,177,137,143,2015,182578.0,0.0
7555,177,12,143,2015,44285.0,0.0
7556,177,11,143,2015,1916.0,0.0
7557,177,15,144,2015,41732.0,31275.0
7558,177,18,144,2015,1469.0,13824.0
7559,177,23,144,2015,16837.0,1305.0
7560,177,24,144,2015,7159.0,0.0
7561,177,39,144,2015,5525.0,0.0
7562,177,41,144,2015,48800.0,5126.0
7563,177,43,144,2015,1436.0,254720.0
7564,177,58,144,2015,1567.0,0.0
7565,177,61,144,2015,1255569.0,874033.0
7566,177,64,144,2015,92800.0,39811.0
7567,177,71,144,2015,104475.0,922311.0
7568,177,74,144,2015,18350.0,0.0
7569,177,77,144,2015,129993.0,33307.0
7570,177,81,144,2015,60469.0,166245.0
7571,177,90,144,2015,38194.0,0.0
7572,177,102,144,2015,89475.0,146745.0
7573,177,104,144,2015,1283.0,7217.0
7574,177,106,144,2015,0.0,5294.0
7575,177,111,144,2015,37356.0,356940.0
7576,177,114,144,2015,3502.0,3023.0
7577,177,121,144,2015,1520.0,0.0
7578,177,130,144,2015,189443.0,1139.0
7579,177,153,144,2015,2123.0,0.0
7580,177,162,144,2015,120741.0,134755.0
7581,177,163,144,2015,9625.0,0.0
7582,177,166,144,2015,0.0,3397.0
7583,177,179,144,2015,668498.0,7820336.0
7584,177,206,144,2015,278964.0,30105.0
7585,177,207,144,2015,6963.0,0.0
7586,177,208,144,2015,21173.0,6658.0
7587,177,224,144,2015,10742.0,4825.0
7588,177,231,144,2015,52988.0,58864.0
7589,177,250,144,2015,9741.0,4642.0
7590,177,59,144,2015,197917.0,92726.0
7591,177,110,144,2015,20911.0,0.0
7592,177,115,144,2015,150331.0,0.0
7593,177,183,144,2015,3863.0,0.0
7594,177,228,144,2015,668567.0,0.0
7595,177,14,144,2015,22954.0,0.0
7596,177,185,144,2015,66549.0,0.0
7597,177,186,144,2015,834612.0,0.0
7598,177,140,144,2015,1996.0,0.0
7599,177,72,144,2015,34035.0,0.0
7600,177,16,144,2015,22984.0,0.0
7601,177,28,144,2015,778000.0,0.0
7602,177,82,144,2015,14102.0,0.0
7603,177,100,144,2015,27725.0,967.0
7604,177,132,144,2015,51845.0,1083.0
7605,177,135,144,2015,1842.0,0.0
7606,177,201,144,2015,4057.0,0.0
7607,177,223,144,2015,7766.0,0.0
7608,177,7,145,2015,16869.0,0.0
7609,177,15,145,2015,112474.0,49653.0
7610,177,18,145,2015,633601.0,80116.0
7611,177,23,145,2015,179182.0,1233.0
7612,177,24,145,2015,6687.0,0.0
7613,177,32,145,2015,1249.0,0.0
7614,177,39,145,2015,9871.0,0.0
7615,177,41,145,2015,241930.0,0.0
7616,177,43,145,2015,11348.0,27589258.0
7617,177,61,145,2015,8101053.0,3479711.0
7618,177,64,145,2015,1830513.0,343614.0
7619,177,71,145,2015,109091.0,144014.0
7620,177,74,145,2015,131462.0,0.0
7621,177,77,145,2015,683621.0,606676.0
7622,177,81,145,2015,2188591.0,129902.0
7623,177,90,145,2015,38421.0,0.0
7624,177,97,145,2015,0.0,2687.0
7625,177,102,145,2015,1866336.0,18951.0
7626,177,103,145,2015,0.0,262652.0
7627,177,104,145,2015,0.0,109946.0
7628,177,106,145,2015,5642.0,0.0
7629,177,111,145,2015,101140.0,78958.0
7630,177,114,145,2015,18980.0,0.0
7631,177,122,145,2015,6686.0,0.0
7632,177,130,145,2015,143510.0,82710.0
7633,177,162,145,2015,1277258.0,447778.0
7634,177,163,145,2015,26243.0,0.0
7635,177,169,145,2015,2310.0,0.0
7636,177,174,145,2015,0.0,163570.0
7637,177,179,145,2015,13173.0,0.0
7638,177,188,145,2015,2492.0,0.0
7639,177,206,145,2015,1460384.0,50021.0
7640,177,207,145,2015,278707.0,144243.0
7641,177,208,145,2015,238926.0,164897.0
7642,177,224,145,2015,11764.0,33654.0
7643,177,231,145,2015,48452.0,3251.0
7644,177,246,145,2015,2066.0,0.0
7645,177,249,145,2015,10048.0,199266.0
7646,177,59,145,2015,2649992.0,40721.0
7647,177,131,145,2015,16276.0,0.0
7648,177,110,145,2015,8623.0,0.0
7649,177,115,145,2015,26997.0,0.0
7650,177,183,145,2015,7555.0,0.0
7651,177,228,145,2015,403122.0,53896.0
7652,177,185,145,2015,940105.0,0.0
7653,177,186,145,2015,412752.0,0.0
7654,177,140,145,2015,1675.0,0.0
7655,177,134,145,2015,0.0,13402.0
7656,177,239,145,2015,0.0,2870683.0
7657,177,22,145,2015,0.0,111289.0
7658,177,72,145,2015,70267.0,0.0
7659,177,143,145,2015,0.0,76969.0
7660,177,26,145,2015,152624.0,0.0
7661,177,28,145,2015,140144.0,175187.0
7662,177,68,145,2015,998.0,0.0
7663,177,82,145,2015,3536.0,0.0
7664,177,100,145,2015,355219.0,0.0
7665,177,132,145,2015,51527.0,0.0
7666,177,135,145,2015,62568.0,0.0
7667,177,201,145,2015,246468.0,0.0
7668,177,4,145,2015,1034.0,0.0
7669,177,144,145,2015,21688.0,0.0
7670,177,9,145,2015,3306.0,0.0
7671,177,109,145,2015,4447.0,0.0
7672,177,136,145,2015,0.0,1061.0
7673,177,156,145,2015,499.0,0.0
7674,177,210,145,2015,6506.0,0.0
7675,177,7,146,2015,2472435.0,0.0
7676,177,15,146,2015,12611154.0,4268211.0
7677,177,18,146,2015,541770.0,144796.0
7678,177,23,146,2015,100396.0,964521.0
7679,177,32,146,2015,0.0,1693796.0
7680,177,39,146,2015,0.0,50608.0
7681,177,41,146,2015,23634.0,0.0
7682,177,43,146,2015,1683586.0,211408.0
7683,177,61,146,2015,137121758.0,51194608.0
7684,177,64,146,2015,150498.0,3902392.0
7685,177,71,146,2015,24560.0,28101955.0
7686,177,74,146,2015,273406.0,75115621.0
7687,177,77,146,2015,2042992.0,1126746.0
7688,177,81,146,2015,3802242.0,2142131.0
7689,177,90,146,2015,2680.0,52092.0
7690,177,102,146,2015,17055992.0,39575.0
7691,177,103,146,2015,0.0,8834.0
7692,177,104,146,2015,756693.0,0.0
7693,177,106,146,2015,36445.0,32697.0
7694,177,111,146,2015,4444177.0,5383217.0
7695,177,121,146,2015,4154.0,0.0
7696,177,130,146,2015,715421.0,6465975.0
7697,177,162,146,2015,1271350.0,3307435.0
7698,177,163,146,2015,32100.0,1553563.0
7699,177,174,146,2015,25517.0,0.0
7700,177,179,146,2015,0.0,70000663.0
7701,177,206,146,2015,8476738.0,21847618.0
7702,177,207,146,2015,475147.0,0.0
7703,177,208,146,2015,1267106.0,83005653.0
7704,177,216,146,2015,0.0,100420.0
7705,177,224,146,2015,900207.0,0.0
7706,177,230,146,2015,0.0,8097094.0
7707,177,231,146,2015,0.0,85821395.0
7708,177,59,146,2015,5044917.0,16988931.0
7709,177,168,146,2015,13194.0,0.0
7710,177,107,146,2015,0.0,15001.0
7711,177,183,146,2015,1295.0,0.0
7712,177,228,146,2015,9680279.0,6513.0
7713,177,185,146,2015,809831.0,2650.0
7714,177,186,146,2015,5742718.0,67419542.0
7715,177,237,146,2015,1356.0,0.0
7716,177,72,146,2015,157838.0,11553019.0
7717,177,28,146,2015,1311275.0,3587.0
7718,177,100,146,2015,0.0,44084.0
7719,177,132,146,2015,21022.0,1772525.0
7720,177,201,146,2015,1037374.0,0.0
7721,177,219,146,2015,254919.0,0.0
7722,177,232,146,2015,21995.0,0.0
7723,177,7,149,2015,1061.0,237865.0
7724,177,15,149,2015,20976.0,35404.0
7725,177,18,149,2015,23852.0,16594.0
7726,177,23,149,2015,1017.0,0.0
7727,177,41,149,2015,5625.0,10109.0
7728,177,43,149,2015,0.0,958208.0
7729,177,61,149,2015,50587.0,1688054.0
7730,177,64,149,2015,1789.0,0.0
7731,177,71,149,2015,2060.0,69963.0
7732,177,77,149,2015,50200.0,2018875.0
7733,177,81,149,2015,1617.0,293446.0
7734,177,90,149,2015,0.0,5737.0
7735,177,97,149,2015,0.0,62719.0
7736,177,102,149,2015,35555.0,16668.0
7737,177,104,149,2015,0.0,122454.0
7738,177,111,149,2015,644201.0,15443275.0
7739,177,114,149,2015,0.0,36784.0
7740,177,121,149,2015,0.0,280287.0
7741,177,130,149,2015,1223.0,0.0
7742,177,153,149,2015,0.0,3822.0
7743,177,162,149,2015,23326.0,16991.0
7744,177,179,149,2015,0.0,40362.0
7745,177,206,149,2015,0.0,2818.0
7746,177,208,149,2015,0.0,2016.0
7747,177,224,149,2015,0.0,7789.0
7748,177,231,149,2015,0.0,21698.0
7749,177,250,149,2015,0.0,2510.0
7750,177,59,149,2015,577216.0,26278.0
7751,177,168,149,2015,0.0,41278.0
7752,177,228,149,2015,274328.0,0.0
7753,177,185,149,2015,147953.0,585677.0
7754,177,186,149,2015,36035.0,0.0
7755,177,72,149,2015,4915.0,0.0
7756,177,28,149,2015,17817.0,0.0
7757,177,100,149,2015,152559.0,0.0
7758,177,132,149,2015,6872.0,2591500.0
7759,177,135,149,2015,19934.0,0.0
7760,177,198,149,2015,0.0,212229.0
7761,177,7,150,2015,17938.0,0.0
7762,177,8,150,2015,0.0,180828.0
7763,177,15,150,2015,84900.0,1673928.0
7764,177,18,150,2015,11319304.0,22562435.0
7765,177,23,150,2015,1763508.0,1697784.0
7766,177,32,150,2015,0.0,246604.0
7767,177,39,150,2015,11817.0,10429.0
7768,177,41,150,2015,7864.0,52433.0
7769,177,43,150,2015,466977.0,8350554.0
7770,177,61,150,2015,72590405.0,48598507.0
7771,177,64,150,2015,239333.0,8716560.0
7772,177,71,150,2015,0.0,319946.0
7773,177,74,150,2015,25252.0,9667.0
7774,177,77,150,2015,230679.0,2479386.0
7775,177,81,150,2015,5067488.0,7733519.0
7776,177,90,150,2015,0.0,22089.0
7777,177,97,150,2015,12589.0,0.0
7778,177,102,150,2015,14629.0,22378.0
7779,177,104,150,2015,1770.0,2706645.0
7780,177,106,150,2015,248868.0,35727.0
7781,177,111,150,2015,40910403.0,50477219.0
7782,177,114,150,2015,15293.0,170845.0
7783,177,130,150,2015,164454.0,1048702.0
7784,177,138,150,2015,0.0,4394.0
7785,177,162,150,2015,555838.0,285780.0
7786,177,163,150,2015,52138.0,65840.0
7787,177,166,150,2015,100369.0,372437.0
7788,177,179,150,2015,22614.0,4663550.0
7789,177,206,150,2015,57156.0,76722.0
7790,177,207,150,2015,3975.0,58112.0
7791,177,208,150,2015,10425.0,1730670.0
7792,177,224,150,2015,510636.0,3810373.0
7793,177,230,150,2015,0.0,3545970.0
7794,177,231,150,2015,2537112.0,3600.0
7795,177,246,150,2015,0.0,151091.0
7796,177,250,150,2015,0.0,16007.0
7797,177,59,150,2015,163065.0,37200235.0
7798,177,110,150,2015,0.0,4434.0
7799,177,115,150,2015,1095.0,0.0
7800,177,228,150,2015,1636768.0,142671.0
7801,177,14,150,2015,35131.0,19504.0
7802,177,185,150,2015,528650.0,83361.0
7803,177,186,150,2015,135460.0,196126.0
7804,177,140,150,2015,41548.0,28751.0
7805,177,72,150,2015,23706.0,23726.0
7806,177,26,150,2015,2824458.0,3816.0
7807,177,28,150,2015,333180.0,118835.0
7808,177,68,150,2015,0.0,1049898.0
7809,177,100,150,2015,1677133.0,28676.0
7810,177,117,150,2015,3202.0,0.0
7811,177,132,150,2015,24497968.0,17388369.0
7812,177,135,150,2015,57146.0,0.0
7813,177,201,150,2015,49295.0,422795.0
7814,177,223,150,2015,0.0,605735.0
7815,177,4,150,2015,0.0,2355.0
7816,177,109,150,2015,0.0,27508.0
7817,177,198,150,2015,0.0,56718.0
7818,177,7,151,2015,4977337.0,513297.0
7819,177,15,151,2015,87990.0,3935540.0
7820,177,18,151,2015,141909.0,3349647.0
7821,177,23,151,2015,2451832.0,505758.0
7822,177,24,151,2015,0.0,2077639.0
7823,177,32,151,2015,0.0,58878.0
7824,177,39,151,2015,20233.0,5293.0
7825,177,41,151,2015,180358.0,487679.0
7826,177,43,151,2015,196690.0,20336900.0
7827,177,58,151,2015,5076.0,0.0
7828,177,61,151,2015,8838150.0,114651205.0
7829,177,64,151,2015,572318.0,9970867.0
7830,177,71,151,2015,2100154.0,22398796.0
7831,177,74,151,2015,145384.0,26002.0
7832,177,77,151,2015,832873.0,10616041.0
7833,177,81,151,2015,400038.0,5062358.0
7834,177,90,151,2015,39495.0,200677.0
7835,177,97,151,2015,5365.0,174839.0
7836,177,99,151,2015,0.0,92079.0
7837,177,102,151,2015,729577.0,100775.0
7838,177,103,151,2015,0.0,1450170.0
7839,177,104,151,2015,2142.0,29859843.0
7840,177,106,151,2015,139823.0,22109.0
7841,177,111,151,2015,2112524.0,40349006.0
7842,177,113,151,2015,27398.0,0.0
7843,177,114,151,2015,0.0,375318.0
7844,177,118,151,2015,151040.0,0.0
7845,177,121,151,2015,22681.0,428383.0
7846,177,122,151,2015,1362.0,0.0
7847,177,130,151,2015,2468356.0,2991377.0
7848,177,138,151,2015,0.0,1853427.0
7849,177,153,151,2015,4316.0,193567.0
7850,177,162,151,2015,2350372.0,6892823.0
7851,177,163,151,2015,122457.0,17646.0
7852,177,166,151,2015,20280.0,0.0
7853,177,179,151,2015,45620.0,1705344.0
7854,177,206,151,2015,1772303.0,22287948.0
7855,177,207,151,2015,412305.0,867725.0
7856,177,208,151,2015,229685.0,1461466.0
7857,177,216,151,2015,0.0,1726323.0
7858,177,224,151,2015,576558.0,72073981.0
7859,177,231,151,2015,111569.0,1191420.0
7860,177,246,151,2015,7178.0,0.0
7861,177,249,151,2015,0.0,275456.0
7862,177,250,151,2015,0.0,59543.0
7863,177,59,151,2015,2566359.0,7910499.0
7864,177,168,151,2015,870.0,18170018.0
7865,177,110,151,2015,0.0,139155.0
7866,177,115,151,2015,11683.0,358941.0
7867,177,183,151,2015,4279.0,0.0
7868,177,228,151,2015,9429143.0,130480.0
7869,177,14,151,2015,1019.0,4381.0
7870,177,185,151,2015,2354510.0,350396.0
7871,177,186,151,2015,668418.0,2032853.0
7872,177,140,151,2015,456062.0,0.0
7873,177,134,151,2015,295716.0,13592.0
7874,177,239,151,2015,0.0,35726.0
7875,177,22,151,2015,117603.0,0.0
7876,177,159,151,2015,13775.0,62841.0
7877,177,72,151,2015,531794.0,1473503.0
7878,177,16,151,2015,1347.0,31905.0
7879,177,26,151,2015,1124163.0,6975.0
7880,177,28,151,2015,2081775.0,266352.0
7881,177,68,151,2015,154683.0,847246.0
7882,177,100,151,2015,1008610.0,5858.0
7883,177,132,151,2015,569701.0,1321.0
7884,177,135,151,2015,1758733.0,1504034.0
7885,177,201,151,2015,1414465.0,0.0
7886,177,217,151,2015,0.0,687657.0
7887,177,219,151,2015,0.0,1803315.0
7888,177,223,151,2015,839956.0,51565.0
7889,177,232,151,2015,0.0,10759733.0
7890,177,4,151,2015,185807.0,0.0
7891,177,9,151,2015,10337.0,0.0
7892,177,109,151,2015,890.0,0.0
7893,177,21,151,2015,0.0,389267.0
7894,177,198,151,2015,0.0,393906.0
7895,177,7,153,2015,821777.0,245616.0
7896,177,8,153,2015,815.0,5806.0
7897,177,15,153,2015,1484823.0,2125782.0
7898,177,18,153,2015,1516129.0,16846991.0
7899,177,23,153,2015,2844559.0,245402.0
7900,177,32,153,2015,83965.0,317047.0
7901,177,39,153,2015,429028.0,43386.0
7902,177,41,153,2015,1859848.0,3666608.0
7903,177,42,153,2015,2303.0,0.0
7904,177,43,153,2015,268821.0,138685166.0
7905,177,49,153,2015,13595.0,3231.0
7906,177,58,153,2015,132675.0,0.0
7907,177,61,153,2015,56034220.0,218769124.0
7908,177,64,153,2015,3175857.0,4134618.0
7909,177,71,153,2015,3320811.0,12123989.0
7910,177,74,153,2015,2473455.0,82002.0
7911,177,77,153,2015,18006076.0,34665701.0
7912,177,81,153,2015,7823192.0,38048397.0
7913,177,90,153,2015,651141.0,787770.0
7914,177,97,153,2015,20333.0,136602.0
7915,177,102,153,2015,4685475.0,9729938.0
7916,177,103,153,2015,0.0,4923326.0
7917,177,104,153,2015,64135.0,16423445.0
7918,177,106,153,2015,29905.0,57260.0
7919,177,111,153,2015,17306971.0,45916698.0
7920,177,113,153,2015,34093.0,0.0
7921,177,114,153,2015,33487.0,3185081.0
7922,177,118,153,2015,37365.0,0.0
7923,177,121,153,2015,140339.0,19896654.0
7924,177,122,153,2015,4954.0,0.0
7925,177,130,153,2015,7417531.0,3812557.0
7926,177,138,153,2015,98796.0,165645.0
7927,177,153,153,2015,6794.0,1555912.0
7928,177,160,153,2015,23445.0,0.0
7929,177,162,153,2015,1644630.0,37467627.0
7930,177,163,153,2015,180298.0,711109.0
7931,177,166,153,2015,33602.0,0.0
7932,177,179,153,2015,994178.0,3640284.0
7933,177,188,153,2015,27727.0,0.0
7934,177,192,153,2015,0.0,68609.0
7935,177,197,153,2015,303.0,0.0
7936,177,206,153,2015,8303231.0,10267186.0
7937,177,207,153,2015,878696.0,7371483.0
7938,177,208,153,2015,1283206.0,625461.0
7939,177,216,153,2015,0.0,1565035.0
7940,177,224,153,2015,2853058.0,41224804.0
7941,177,230,153,2015,2700.0,0.0
7942,177,231,153,2015,1423756.0,2568244.0
7943,177,246,153,2015,254025.0,26242.0
7944,177,249,153,2015,581967.0,5329338.0
7945,177,250,153,2015,0.0,109109.0
7946,177,59,153,2015,5935773.0,21608862.0
7947,177,124,153,2015,2901.0,0.0
7948,177,131,153,2015,13868.0,95600.0
7949,177,168,153,2015,0.0,278367.0
7950,177,107,153,2015,2597.0,0.0
7951,177,110,153,2015,134220.0,4169561.0
7952,177,115,153,2015,108948.0,0.0
7953,177,128,153,2015,167789.0,0.0
7954,177,183,153,2015,2131.0,0.0
7955,177,228,153,2015,10984796.0,181564.0
7956,177,14,153,2015,1160202.0,0.0
7957,177,185,153,2015,9081085.0,8424238.0
7958,177,186,153,2015,8608522.0,930574.0
7959,177,145,153,2015,21784.0,0.0
7960,177,140,153,2015,351948.0,0.0
7961,177,134,153,2015,1044970.0,33863.0
7962,177,239,153,2015,0.0,2020790.0
7963,177,22,153,2015,1081.0,0.0
7964,177,159,153,2015,60533.0,0.0
7965,177,72,153,2015,2295581.0,799496.0
7966,177,16,153,2015,17387.0,0.0
7967,177,26,153,2015,1171547.0,22891.0
7968,177,28,153,2015,11407079.0,5961896.0
7969,177,68,153,2015,107228.0,1267212.0
7970,177,82,153,2015,14777.0,0.0
7971,177,100,153,2015,892340.0,115138.0
7972,177,117,153,2015,16450.0,0.0
7973,177,132,153,2015,4698482.0,735699.0
7974,177,135,153,2015,1206855.0,40519.0
7975,177,167,153,2015,62604.0,0.0
7976,177,201,153,2015,777617.0,43052.0
7977,177,219,153,2015,2555.0,0.0
7978,177,223,153,2015,732431.0,5339.0
7979,177,232,153,2015,32787.0,1175.0
7980,177,4,153,2015,115609.0,0.0
7981,177,9,153,2015,48346.0,0.0
7982,177,109,153,2015,5429.0,0.0
7983,177,45,153,2015,927.0,0.0
7984,177,198,153,2015,0.0,229449.0
7985,177,137,153,2015,1272.0,0.0
7986,177,7,154,2015,6154059.0,67502.0
7987,177,15,154,2015,121584.0,10907231.0
7988,177,18,154,2015,220102.0,58496142.0
7989,177,23,154,2015,1718356.0,2824158.0
7990,177,32,154,2015,0.0,29415.0
7991,177,39,154,2015,34633.0,22539.0
7992,177,41,154,2015,72610.0,4522396.0
7993,177,43,154,2015,91943.0,50664437.0
7994,177,49,154,2015,1687.0,0.0
7995,177,58,154,2015,5264.0,0.0
7996,177,61,154,2015,16102022.0,125205581.0
7997,177,64,154,2015,1075221.0,5106385.0
7998,177,71,154,2015,1810794.0,7584443.0
7999,177,74,154,2015,112727.0,15807.0
8000,177,77,154,2015,1000267.0,11403379.0
8001,177,81,154,2015,2033146.0,17423453.0
8002,177,90,154,2015,255019.0,260364.0
8003,177,97,154,2015,1543.0,105773.0
8004,177,102,154,2015,1930628.0,146475.0
8005,177,103,154,2015,0.0,5431287.0
8006,177,104,154,2015,45022.0,6349076.0
8007,177,106,154,2015,117814.0,3090240.0
8008,177,111,154,2015,7206155.0,32586210.0
8009,177,113,154,2015,17203.0,0.0
8010,177,114,154,2015,874.0,20037505.0
8011,177,118,154,2015,59672.0,0.0
8012,177,121,154,2015,965.0,37829938.0
8013,177,130,154,2015,5910069.0,969416.0
8014,177,138,154,2015,0.0,1326.0
8015,177,153,154,2015,0.0,258739.0
8016,177,162,154,2015,2452530.0,11446646.0
8017,177,163,154,2015,155518.0,38185.0
8018,177,166,154,2015,2771.0,0.0
8019,177,179,154,2015,315434.0,1985471.0
8020,177,192,154,2015,0.0,204248.0
8021,177,206,154,2015,3998568.0,2847012.0
8022,177,207,154,2015,452702.0,442080.0
8023,177,208,154,2015,316799.0,3538216.0
8024,177,216,154,2015,260044.0,7791048.0
8025,177,224,154,2015,3523886.0,27421636.0
8026,177,231,154,2015,466934.0,6291913.0
8027,177,246,154,2015,8094.0,25409.0
8028,177,249,154,2015,0.0,9733891.0
8029,177,250,154,2015,0.0,462657.0
8030,177,59,154,2015,4734071.0,2751928.0
8031,177,168,154,2015,0.0,3473647.0
8032,177,107,154,2015,0.0,10339.0
8033,177,110,154,2015,10580.0,1562.0
8034,177,115,154,2015,58954.0,12964.0
8035,177,183,154,2015,734.0,0.0
8036,177,228,154,2015,9179914.0,2761221.0
8037,177,185,154,2015,4303690.0,7959840.0
8038,177,186,154,2015,2824893.0,112058.0
8039,177,140,154,2015,42491.0,2064.0
8040,177,134,154,2015,905140.0,28846.0
8041,177,239,154,2015,19892.0,1813468.0
8042,177,72,154,2015,1060688.0,1456551.0
8043,177,143,154,2015,0.0,1329.0
8044,177,16,154,2015,38321.0,0.0
8045,177,10,154,2015,0.0,1826.0
8046,177,26,154,2015,922546.0,59781.0
8047,177,28,154,2015,1780346.0,3414438.0
8048,177,68,154,2015,38729.0,334951.0
8049,177,82,154,2015,6940.0,0.0
8050,177,100,154,2015,948551.0,285931.0
8051,177,117,154,2015,4811.0,0.0
8052,177,132,154,2015,505197.0,156804.0
8053,177,135,154,2015,3414983.0,116998.0
8054,177,167,154,2015,917.0,0.0
8055,177,201,154,2015,132733.0,5450.0
8056,177,223,154,2015,213313.0,12858.0
8057,177,232,154,2015,0.0,162172.0
8058,177,4,154,2015,473285.0,0.0
8059,177,9,154,2015,11482.0,0.0
8060,177,178,154,2015,0.0,240334.0
8061,177,109,154,2015,4575.0,0.0
8062,177,156,154,2015,834.0,0.0
8063,177,7,155,2015,115781.0,10618.0
8064,177,8,155,2015,4567.0,0.0
8065,177,15,155,2015,8157359.0,4069665.0
8066,177,18,155,2015,1788682.0,12634735.0
8067,177,23,155,2015,1099253.0,2064056.0
8068,177,32,155,2015,876330.0,5721.0
8069,177,39,155,2015,713665.0,364027.0
8070,177,41,155,2015,14975614.0,3851585.0
8071,177,42,155,2015,7076.0,0.0
8072,177,43,155,2015,96651.0,36067905.0
8073,177,49,155,2015,89117.0,0.0
8074,177,52,155,2015,3673.0,0.0
8075,177,58,155,2015,9477.0,0.0
8076,177,61,155,2015,58654009.0,212985027.0
8077,177,64,155,2015,1944857.0,34417699.0
8078,177,65,155,2015,1922.0,0.0
8079,177,71,155,2015,8313758.0,12967049.0
8080,177,74,155,2015,1643489.0,2366678.0
8081,177,77,155,2015,21447363.0,23270461.0
8082,177,81,155,2015,12080073.0,21246620.0
8083,177,90,155,2015,2539312.0,5889640.0
8084,177,97,155,2015,4020.0,94097.0
8085,177,102,155,2015,7677791.0,9868028.0
8086,177,103,155,2015,0.0,317123.0
8087,177,104,155,2015,347270.0,1835157.0
8088,177,106,155,2015,1632073.0,706675.0
8089,177,111,155,2015,12604462.0,101675771.0
8090,177,113,155,2015,70427.0,0.0
8091,177,114,155,2015,18489.0,3247621.0
8092,177,118,155,2015,36141.0,0.0
8093,177,121,155,2015,130637.0,5901776.0
8094,177,122,155,2015,16636.0,0.0
8095,177,130,155,2015,10338979.0,6991201.0
8096,177,138,155,2015,38658.0,24006.0
8097,177,153,155,2015,145387.0,217287.0
8098,177,162,155,2015,8061197.0,19279229.0
8099,177,163,155,2015,452613.0,426417.0
8100,177,166,155,2015,284788.0,0.0
8101,177,169,155,2015,9887.0,0.0
8102,177,173,155,2015,21728.0,974.0
8103,177,179,155,2015,3918223.0,2312511.0
8104,177,188,155,2015,48168.0,19105430.0
8105,177,190,155,2015,38316.0,0.0
8106,177,192,155,2015,42748.0,879.0
8107,177,197,155,2015,458.0,0.0
8108,177,206,155,2015,7967074.0,700182.0
8109,177,207,155,2015,482000.0,5802139.0
8110,177,208,155,2015,6572406.0,32064166.0
8111,177,216,155,2015,122185.0,1049649.0
8112,177,222,155,2015,14217.0,0.0
8113,177,224,155,2015,4068230.0,16647249.0
8114,177,231,155,2015,18809318.0,7404660.0
8115,177,236,155,2015,1929.0,0.0
8116,177,246,155,2015,1608532.0,0.0
8117,177,249,155,2015,18445.0,499469.0
8118,177,250,155,2015,12240.0,468233.0
8119,177,29,155,2015,13222.0,0.0
8120,177,59,155,2015,11689340.0,45741050.0
8121,177,124,155,2015,42213.0,0.0
8122,177,131,155,2015,6100.0,3352494.0
8123,177,168,155,2015,18031.0,30262.0
8124,177,2,155,2015,3294.0,0.0
8125,177,107,155,2015,330750.0,0.0
8126,177,110,155,2015,1437878.0,4910930.0
8127,177,115,155,2015,213148.0,0.0
8128,177,128,155,2015,0.0,7487.0
8129,177,183,155,2015,23954.0,0.0
8130,177,212,155,2015,5929.0,0.0
8131,177,228,155,2015,16982276.0,8722800.0
8132,177,14,155,2015,110572.0,0.0
8133,177,73,155,2015,2775.0,0.0
8134,177,185,155,2015,15153513.0,1193521.0
8135,177,186,155,2015,21880972.0,5879727.0
8136,177,145,155,2015,254691.0,0.0
8137,177,44,155,2015,11945.0,19588.0
8138,177,140,155,2015,352337.0,12827.0
8139,177,134,155,2015,75881.0,68290.0
8140,177,239,155,2015,33840.0,70332.0
8141,177,22,155,2015,14278.0,45876.0
8142,177,159,155,2015,28110.0,0.0
8143,177,142,155,2015,1741.0,0.0
8144,177,237,155,2015,5223.0,0.0
8145,177,72,155,2015,1495328.0,524311.0
8146,177,181,155,2015,9763.0,0.0
8147,177,191,155,2015,98852.0,0.0
8148,177,16,155,2015,1559331.0,0.0
8149,177,26,155,2015,924413.0,3949.0
8150,177,28,155,2015,7736933.0,7120085.0
8151,177,68,155,2015,78611.0,0.0
8152,177,82,155,2015,235752.0,0.0
8153,177,100,155,2015,1767741.0,59715.0
8154,177,116,155,2015,664342.0,0.0
8155,177,117,155,2015,61210.0,0.0
8156,177,132,155,2015,1983171.0,242323.0
8157,177,135,155,2015,1114599.0,80030.0
8158,177,151,155,2015,2296.0,0.0
8159,177,164,155,2015,0.0,6028.0
8160,177,167,155,2015,685.0,0.0
8161,177,201,155,2015,10752366.0,644678.0
8162,177,217,155,2015,5075.0,0.0
8163,177,219,155,2015,12940.0,0.0
8164,177,223,155,2015,295641.0,19794.0
8165,177,232,155,2015,78816.0,0.0
8166,177,144,155,2015,68801.0,0.0
8167,177,9,155,2015,254551.0,0.0
8168,177,66,155,2015,80454.0,0.0
8169,177,83,155,2015,916.0,0.0
8170,177,109,155,2015,9526.0,21720.0
8171,177,136,155,2015,0.0,4450.0
8172,177,87,155,2015,1897.0,0.0
8173,177,45,155,2015,84613.0,0.0
8174,177,47,155,2015,1545.0,0.0
8175,177,89,155,2015,1535.0,0.0
8176,177,92,155,2015,6274.0,0.0
8177,177,156,155,2015,1071.0,0.0
8178,177,196,155,2015,0.0,1289.0
8179,177,5,155,2015,241847.0,0.0
8180,177,62,155,2015,0.0,2077.0
8181,177,198,155,2015,0.0,1440.0
8182,177,7,156,2015,91629.0,30254.0
8183,177,15,156,2015,5549763.0,19437273.0
8184,177,18,156,2015,31957794.0,57174384.0
8185,177,23,156,2015,937458.0,33684.0
8186,177,24,156,2015,4658.0,0.0
8187,177,32,156,2015,133381.0,0.0
8188,177,33,156,2015,3037.0,0.0
8189,177,39,156,2015,126066.0,2443.0
8190,177,41,156,2015,752542.0,560093.0
8191,177,42,156,2015,0.0,1109.0
8192,177,43,156,2015,2014435.0,15115706.0
8193,177,49,156,2015,11524.0,0.0
8194,177,52,156,2015,1738.0,0.0
8195,177,58,156,2015,17534.0,0.0
8196,177,61,156,2015,50093546.0,25033716.0
8197,177,64,156,2015,1084157.0,3474605.0
8198,177,65,156,2015,755.0,0.0
8199,177,71,156,2015,1904621.0,570044.0
8200,177,74,156,2015,2599461.0,459864.0
8201,177,77,156,2015,18322545.0,17939943.0
8202,177,81,156,2015,17339423.0,10645104.0
8203,177,90,156,2015,130411.0,30413.0
8204,177,97,156,2015,4903.0,12196.0
8205,177,102,156,2015,6992648.0,113828.0
8206,177,103,156,2015,0.0,280406.0
8207,177,104,156,2015,0.0,7096777.0
8208,177,106,156,2015,392146.0,0.0
8209,177,111,156,2015,1424280.0,3861827.0
8210,177,113,156,2015,50423.0,0.0
8211,177,114,156,2015,352539.0,20282.0
8212,177,121,156,2015,331687.0,4538.0
8213,177,122,156,2015,64697.0,0.0
8214,177,130,156,2015,1230135.0,5012.0
8215,177,138,156,2015,2120836.0,0.0
8216,177,153,156,2015,197872.0,80066.0
8217,177,162,156,2015,42140582.0,47775819.0
8218,177,163,156,2015,301604.0,0.0
8219,177,166,156,2015,37255.0,0.0
8220,177,174,156,2015,3578.0,0.0
8221,177,179,156,2015,318878.0,421581.0
8222,177,188,156,2015,626848.0,0.0
8223,177,192,156,2015,55528.0,0.0
8224,177,206,156,2015,6664187.0,610880.0
8225,177,207,156,2015,510593.0,4910.0
8226,177,208,156,2015,16441212.0,660705.0
8227,177,216,156,2015,20094.0,32637.0
8228,177,224,156,2015,96005.0,23226625.0
8229,177,230,156,2015,1503.0,0.0
8230,177,231,156,2015,8217031.0,432890.0
8231,177,246,156,2015,84362.0,0.0
8232,177,249,156,2015,53511.0,1431.0
8233,177,250,156,2015,0.0,146079.0
8234,177,59,156,2015,6823297.0,4103035.0
8235,177,124,156,2015,65726.0,0.0
8236,177,131,156,2015,216882.0,1797.0
8237,177,168,156,2015,0.0,151137.0
8238,177,107,156,2015,100475.0,395746.0
8239,177,110,156,2015,195329.0,1571843.0
8240,177,115,156,2015,458151.0,0.0
8241,177,128,156,2015,0.0,49164.0
8242,177,183,156,2015,561389.0,0.0
8243,177,228,156,2015,1831558.0,902840.0
8244,177,14,156,2015,3288155.0,6439.0
8245,177,73,156,2015,0.0,1008.0
8246,177,185,156,2015,2403847.0,41279.0
8247,177,186,156,2015,5171500.0,0.0
8248,177,226,156,2015,2038.0,0.0
8249,177,44,156,2015,3479.0,0.0
8250,177,140,156,2015,191284.0,0.0
8251,177,134,156,2015,1192289.0,44825.0
8252,177,239,156,2015,0.0,6052.0
8253,177,22,156,2015,0.0,729518.0
8254,177,72,156,2015,913734.0,442024.0
8255,177,16,156,2015,9429.0,0.0
8256,177,26,156,2015,634822.0,0.0
8257,177,28,156,2015,918490.0,17534.0
8258,177,68,156,2015,12734.0,8391883.0
8259,177,82,156,2015,120997.0,0.0
8260,177,100,156,2015,1141213.0,0.0
8261,177,116,156,2015,1782.0,0.0
8262,177,117,156,2015,3430.0,0.0
8263,177,132,156,2015,364809.0,6095.0
8264,177,135,156,2015,12420.0,1624069.0
8265,177,151,156,2015,0.0,3061.0
8266,177,164,156,2015,0.0,19658.0
8267,177,167,156,2015,11864.0,0.0
8268,177,201,156,2015,332712.0,2215392.0
8269,177,223,156,2015,77883.0,1699.0
8270,177,211,156,2015,7484.0,0.0
8271,177,4,156,2015,3509.0,0.0
8272,177,144,156,2015,36576.0,14860.0
8273,177,9,156,2015,3111.0,0.0
8274,177,66,156,2015,148547.0,0.0
8275,177,109,156,2015,41818.0,0.0
8276,177,156,156,2015,515.0,0.0
8277,177,5,156,2015,1467.0,0.0
8278,177,182,156,2015,172.0,0.0
8279,177,7,157,2015,34011.0,0.0
8280,177,15,157,2015,225147.0,5362141.0
8281,177,18,157,2015,332124.0,19257713.0
8282,177,23,157,2015,656629.0,568544.0
8283,177,24,157,2015,1107.0,0.0
8284,177,32,157,2015,40384.0,665018.0
8285,177,39,157,2015,28361.0,31112.0
8286,177,41,157,2015,161806.0,1947045.0
8287,177,43,157,2015,648540.0,30375817.0
8288,177,49,157,2015,0.0,20230.0
8289,177,52,157,2015,6666.0,0.0
8290,177,58,157,2015,28371.0,3965.0
8291,177,61,157,2015,9085626.0,59927902.0
8292,177,64,157,2015,233563.0,2247667.0
8293,177,71,157,2015,438889.0,10388032.0
8294,177,74,157,2015,66421.0,345901.0
8295,177,77,157,2015,1292280.0,4960259.0
8296,177,81,157,2015,2015703.0,11554572.0
8297,177,90,157,2015,142453.0,189198.0
8298,177,97,157,2015,76289.0,305108.0
8299,177,102,157,2015,2827496.0,541465.0
8300,177,103,157,2015,0.0,79662.0
8301,177,104,157,2015,27541.0,2031017.0
8302,177,106,157,2015,9095.0,135885.0
8303,177,111,157,2015,1427048.0,12221428.0
8304,177,114,157,2015,0.0,134923.0
8305,177,118,157,2015,3815.0,1288746.0
8306,177,121,157,2015,27244.0,907712.0
8307,177,122,157,2015,20447.0,0.0
8308,177,130,157,2015,1079578.0,665005.0
8309,177,138,157,2015,459161.0,4874.0
8310,177,153,157,2015,14755.0,171682.0
8311,177,162,157,2015,524146.0,9492699.0
8312,177,163,157,2015,188044.0,108748.0
8313,177,166,157,2015,7189.0,0.0
8314,177,174,157,2015,6501.0,2487.0
8315,177,179,157,2015,336197.0,5413398.0
8316,177,188,157,2015,0.0,1099.0
8317,177,192,157,2015,24617.0,4671.0
8318,177,206,157,2015,5210856.0,3352930.0
8319,177,207,157,2015,108776.0,153706.0
8320,177,208,157,2015,345890.0,1189689.0
8321,177,216,157,2015,92997.0,599727.0
8322,177,224,157,2015,243003.0,25045431.0
8323,177,231,157,2015,803994.0,1078283.0
8324,177,246,157,2015,28944.0,36462.0
8325,177,249,157,2015,1071.0,822428.0
8326,177,250,157,2015,0.0,302143.0
8327,177,29,157,2015,68865.0,0.0
8328,177,59,157,2015,1678353.0,4850303.0
8329,177,124,157,2015,0.0,2955.0
8330,177,131,157,2015,2683.0,16504.0
8331,177,168,157,2015,0.0,320769.0
8332,177,110,157,2015,14312.0,2151.0
8333,177,115,157,2015,87262.0,0.0
8334,177,128,157,2015,0.0,1016.0
8335,177,183,157,2015,2057.0,0.0
8336,177,212,157,2015,0.0,102370.0
8337,177,228,157,2015,4446407.0,59502.0
8338,177,14,157,2015,10165.0,0.0
8339,177,185,157,2015,3583749.0,437485.0
8340,177,186,157,2015,2265797.0,219647.0
8341,177,226,157,2015,2431.0,0.0
8342,177,44,157,2015,10032.0,0.0
8343,177,140,157,2015,11135.0,0.0
8344,177,134,157,2015,249658.0,923.0
8345,177,239,157,2015,6359.0,56688.0
8346,177,159,157,2015,2819.0,0.0
8347,177,142,157,2015,6248.0,0.0
8348,177,72,157,2015,1018711.0,78327.0
8349,177,123,157,2015,27584.0,0.0
8350,177,143,157,2015,0.0,41294.0
8351,177,26,157,2015,1782352.0,9344.0
8352,177,28,157,2015,6264966.0,1356.0
8353,177,68,157,2015,1684.0,1073353.0
8354,177,82,157,2015,3544.0,0.0
8355,177,100,157,2015,262019.0,198754.0
8356,177,117,157,2015,8953.0,0.0
8357,177,132,157,2015,553913.0,183379.0
8358,177,135,157,2015,291199.0,2299.0
8359,177,201,157,2015,1174879.0,2047.0
8360,177,223,157,2015,55842.0,327833.0
8361,177,4,157,2015,42902.0,0.0
8362,177,9,157,2015,3750.0,0.0
8363,177,66,157,2015,1280.0,0.0
8364,177,83,157,2015,3599.0,0.0
8365,177,178,157,2015,0.0,1467.0
8366,177,109,157,2015,11976.0,0.0
8367,177,198,157,2015,0.0,59136.0
8368,177,7,158,2015,70733.0,0.0
8369,177,8,158,2015,90852.0,6199.0
8370,177,15,158,2015,4516389.0,13360677.0
8371,177,18,158,2015,2432848.0,20018578.0
8372,177,23,158,2015,1197152.0,6551962.0
8373,177,24,158,2015,1796.0,0.0
8374,177,32,158,2015,2548795.0,117673.0
8375,177,39,158,2015,58690.0,180658.0
8376,177,41,158,2015,753398.0,4072666.0
8377,177,42,158,2015,910791.0,0.0
8378,177,43,158,2015,3421231.0,105887983.0
8379,177,49,158,2015,15843.0,154934.0
8380,177,52,158,2015,6518.0,0.0
8381,177,58,158,2015,21303.0,0.0
8382,177,61,158,2015,65151583.0,194508753.0
8383,177,64,158,2015,1609437.0,8188931.0
8384,177,71,158,2015,19187081.0,17401669.0
8385,177,74,158,2015,3047796.0,1794001.0
8386,177,77,158,2015,25893786.0,15859153.0
8387,177,81,158,2015,6103411.0,45870961.0
8388,177,90,158,2015,419257.0,93233.0
8389,177,97,158,2015,19186.0,438511.0
8390,177,102,158,2015,16660936.0,6628371.0
8391,177,103,158,2015,119887.0,124995.0
8392,177,104,158,2015,193906.0,11317271.0
8393,177,106,158,2015,1173914.0,429430.0
8394,177,111,158,2015,11943975.0,42383922.0
8395,177,112,158,2015,144791.0,0.0
8396,177,113,158,2015,11292.0,0.0
8397,177,114,158,2015,126512.0,5069034.0
8398,177,121,158,2015,51447.0,9703559.0
8399,177,122,158,2015,51683.0,0.0
8400,177,130,158,2015,3924354.0,430798.0
8401,177,138,158,2015,7391.0,32609.0
8402,177,153,158,2015,13961.0,910.0
8403,177,162,158,2015,6161614.0,20907050.0
8404,177,163,158,2015,2331528.0,370376.0
8405,177,166,158,2015,5138.0,0.0
8406,177,173,158,2015,104133.0,0.0
8407,177,174,158,2015,3232.0,0.0
8408,177,179,158,2015,576906.0,5368800.0
8409,177,188,158,2015,1696208.0,0.0
8410,177,192,158,2015,6031.0,0.0
8411,177,197,158,2015,7629.0,0.0
8412,177,206,158,2015,7519907.0,1983487.0
8413,177,207,158,2015,759697.0,1293155.0
8414,177,208,158,2015,4176742.0,4739568.0
8415,177,216,158,2015,1404767.0,4538565.0
8416,177,224,158,2015,1970857.0,14225849.0
8417,177,230,158,2015,62367.0,0.0
8418,177,231,158,2015,783727.0,16324803.0
8419,177,246,158,2015,377608.0,0.0
8420,177,249,158,2015,13674.0,660122.0
8421,177,250,158,2015,2379.0,391690.0
8422,177,59,158,2015,5876725.0,32443541.0
8423,177,124,158,2015,1343.0,14625.0
8424,177,131,158,2015,107972.0,8926017.0
8425,177,168,158,2015,158001.0,52245.0
8426,177,2,158,2015,3745.0,0.0
8427,177,107,158,2015,114199.0,0.0
8428,177,110,158,2015,52020.0,723493.0
8429,177,115,158,2015,2535328.0,0.0
8430,177,183,158,2015,15590.0,0.0
8431,177,228,158,2015,20597154.0,384939.0
8432,177,14,158,2015,522700.0,7767.0
8433,177,73,158,2015,300059.0,0.0
8434,177,185,158,2015,13834114.0,3886006.0
8435,177,186,158,2015,18419179.0,410125.0
8436,177,44,158,2015,3549.0,0.0
8437,177,140,158,2015,1070617.0,0.0
8438,177,134,158,2015,5387255.0,4217.0
8439,177,239,158,2015,24474.0,908839.0
8440,177,22,158,2015,0.0,5508.0
8441,177,159,158,2015,131140.0,0.0
8442,177,142,158,2015,6803.0,0.0
8443,177,72,158,2015,674089.0,2707732.0
8444,177,16,158,2015,7760.0,0.0
8445,177,26,158,2015,643594.0,12495.0
8446,177,28,158,2015,2841575.0,41805.0
8447,177,68,158,2015,443440.0,70414.0
8448,177,82,158,2015,149901.0,0.0
8449,177,100,158,2015,286037.0,208209.0
8450,177,108,158,2015,286348.0,0.0
8451,177,117,158,2015,46435.0,0.0
8452,177,132,158,2015,1532609.0,6350.0
8453,177,135,158,2015,1144797.0,8795.0
8454,177,201,158,2015,1297474.0,2117103.0
8455,177,223,158,2015,87774.0,10670.0
8456,177,232,158,2015,9869.0,0.0
8457,177,4,158,2015,15328.0,0.0
8458,177,144,158,2015,6830.0,0.0
8459,177,9,158,2015,8278.0,0.0
8460,177,66,158,2015,273819.0,0.0
8461,177,178,158,2015,0.0,6398.0
8462,177,109,158,2015,33506.0,0.0
8463,177,89,158,2015,3278.0,0.0
8464,177,126,158,2015,16783.0,0.0
8465,177,156,158,2015,1291.0,0.0
8466,177,182,158,2015,547.0,0.0
8467,177,198,158,2015,0.0,20677.0
8468,177,78,158,2015,2427.0,0.0
8469,177,7,159,2015,355199.0,0.0
8470,177,8,159,2015,0.0,72472.0
8471,177,15,159,2015,188095.0,1941428.0
8472,177,18,159,2015,228110.0,9539551.0
8473,177,23,159,2015,946844.0,2107786.0
8474,177,32,159,2015,12072.0,1252.0
8475,177,39,159,2015,172373.0,47710.0
8476,177,41,159,2015,497597.0,516670.0
8477,177,43,159,2015,152514.0,29975982.0
8478,177,49,159,2015,12181.0,0.0
8479,177,58,159,2015,3047.0,0.0
8480,177,61,159,2015,12904475.0,61662367.0
8481,177,64,159,2015,6581500.0,12129679.0
8482,177,65,159,2015,0.0,75392.0
8483,177,71,159,2015,162730.0,4219633.0
8484,177,74,159,2015,764045.0,344224.0
8485,177,77,159,2015,2719708.0,4567416.0
8486,177,81,159,2015,4060908.0,7142821.0
8487,177,90,159,2015,149721.0,518709.0
8488,177,97,159,2015,8571.0,145485.0
8489,177,102,159,2015,2678373.0,1228836.0
8490,177,103,159,2015,0.0,119078.0
8491,177,104,159,2015,0.0,1695305.0
8492,177,106,159,2015,2246612.0,1078.0
8493,177,111,159,2015,1030748.0,39042064.0
8494,177,114,159,2015,4462.0,1368739.0
8495,177,121,159,2015,0.0,1684054.0
8496,177,130,159,2015,8629771.0,2739794.0
8497,177,138,159,2015,31737.0,0.0
8498,177,162,159,2015,748955.0,8843586.0
8499,177,163,159,2015,1493625.0,532110.0
8500,177,166,159,2015,0.0,2645.0
8501,177,179,159,2015,732457.0,1506933.0
8502,177,192,159,2015,27699.0,0.0
8503,177,206,159,2015,6378075.0,14743838.0
8504,177,207,159,2015,85176.0,288809.0
8505,177,208,159,2015,1551283.0,1903822.0
8506,177,216,159,2015,94726.0,419608.0
8507,177,224,159,2015,1308896.0,41990737.0
8508,177,231,159,2015,93340.0,2229681.0
8509,177,249,159,2015,37039.0,693215.0
8510,177,250,159,2015,0.0,73398.0
8511,177,29,159,2015,8221.0,0.0
8512,177,59,159,2015,7248439.0,15722916.0
8513,177,131,159,2015,2080.0,0.0
8514,177,168,159,2015,0.0,22612.0
8515,177,2,159,2015,1105.0,0.0
8516,177,110,159,2015,3296.0,751421.0
8517,177,115,159,2015,17051.0,0.0
8518,177,183,159,2015,2131.0,0.0
8519,177,228,159,2015,13557766.0,3992193.0
8520,177,14,159,2015,23711.0,39671.0
8521,177,185,159,2015,1768519.0,1044366.0
8522,177,186,159,2015,5277562.0,6019.0
8523,177,140,159,2015,40698.0,39057.0
8524,177,134,159,2015,2644172.0,0.0
8525,177,239,159,2015,19252.0,64861.0
8526,177,22,159,2015,974.0,0.0
8527,177,237,159,2015,2651.0,0.0
8528,177,72,159,2015,505711.0,40158.0
8529,177,26,159,2015,444939.0,3526.0
8530,177,28,159,2015,6298145.0,278868.0
8531,177,68,159,2015,37394.0,3320960.0
8532,177,82,159,2015,8426.0,0.0
8533,177,100,159,2015,562951.0,802741.0
8534,177,117,159,2015,81073.0,0.0
8535,177,132,159,2015,1369466.0,1504387.0
8536,177,135,159,2015,881822.0,16680.0
8537,177,201,159,2015,136736.0,244962.0
8538,177,223,159,2015,231241.0,0.0
8539,177,232,159,2015,10945.0,0.0
8540,177,4,159,2015,2742.0,0.0
8541,177,9,159,2015,15596.0,0.0
8542,177,178,159,2015,0.0,20741.0
8543,177,109,159,2015,86871.0,0.0
8544,177,182,159,2015,194.0,0.0
8545,177,198,159,2015,0.0,32952.0
8546,177,7,166,2015,60386.0,2035.0
8547,177,15,166,2015,12023.0,377610.0
8548,177,18,166,2015,27984.0,50311.0
8549,177,23,166,2015,65909.0,72715.0
8550,177,24,166,2015,2411.0,0.0
8551,177,39,166,2015,0.0,19344.0
8552,177,41,166,2015,10436.0,35623.0
8553,177,43,166,2015,0.0,84240581.0
8554,177,58,166,2015,6090.0,0.0
8555,177,61,166,2015,169794.0,24518860.0
8556,177,64,166,2015,40868.0,59328.0
8557,177,71,166,2015,11410.0,371554.0
8558,177,74,166,2015,24419.0,0.0
8559,177,77,166,2015,60648.0,60972.0
8560,177,81,166,2015,78257.0,415878.0
8561,177,90,166,2015,25204.0,0.0
8562,177,97,166,2015,0.0,446448.0
8563,177,102,166,2015,392534.0,0.0
8564,177,103,166,2015,0.0,309992.0
8565,177,104,166,2015,14753.0,313002.0
8566,177,106,166,2015,58097.0,0.0
8567,177,111,166,2015,48799.0,463243.0
8568,177,114,166,2015,152550.0,0.0
8569,177,121,166,2015,0.0,1044436.0
8570,177,122,166,2015,20864.0,0.0
8571,177,130,166,2015,315856.0,4366.0
8572,177,153,166,2015,1220.0,0.0
8573,177,162,166,2015,112435.0,656006.0
8574,177,163,166,2015,41987.0,0.0
8575,177,179,166,2015,3758.0,0.0
8576,177,192,166,2015,0.0,12451.0
8577,177,206,166,2015,851215.0,288503.0
8578,177,207,166,2015,12751.0,1675.0
8579,177,208,166,2015,38847.0,22800.0
8580,177,216,166,2015,12487.0,76376.0
8581,177,224,166,2015,57713.0,80232.0
8582,177,231,166,2015,27968.0,134201.0
8583,177,246,166,2015,1295.0,2414.0
8584,177,249,166,2015,0.0,6760.0
8585,177,59,166,2015,1059447.0,207520.0
8586,177,124,166,2015,2043.0,0.0
8587,177,168,166,2015,1235.0,0.0
8588,177,110,166,2015,6284.0,60491.0
8589,177,115,166,2015,6959.0,0.0
8590,177,183,166,2015,10710.0,0.0
8591,177,228,166,2015,190343.0,16890.0
8592,177,14,166,2015,33287.0,0.0
8593,177,185,166,2015,147074.0,116792.0
8594,177,186,166,2015,1129906.0,5343.0
8595,177,134,166,2015,2124.0,0.0
8596,177,239,166,2015,0.0,158070.0
8597,177,142,166,2015,3359.0,0.0
8598,177,72,166,2015,70188.0,8437.0
8599,177,143,166,2015,0.0,9745.0
8600,177,16,166,2015,3852.0,0.0
8601,177,26,166,2015,16069.0,0.0
8602,177,28,166,2015,370415.0,0.0
8603,177,68,166,2015,3826.0,0.0
8604,177,82,166,2015,8033.0,0.0
8605,177,100,166,2015,47032.0,0.0
8606,177,108,166,2015,4738.0,0.0
8607,177,117,166,2015,1194.0,0.0
8608,177,132,166,2015,151295.0,20329.0
8609,177,135,166,2015,58662.0,0.0
8610,177,167,166,2015,2568.0,0.0
8611,177,201,166,2015,30036.0,0.0
8612,177,232,166,2015,0.0,37657.0
8613,177,4,166,2015,1369.0,0.0
8614,177,144,166,2015,3084.0,0.0
8615,177,126,166,2015,6718.0,0.0
8616,177,7,167,2015,4289566.0,88743.0
8617,177,8,167,2015,1236721.0,0.0
8618,177,15,167,2015,8304341.0,16896029.0
8619,177,18,167,2015,20017676.0,11834834.0
8620,177,23,167,2015,1979807.0,868069.0
8621,177,24,167,2015,104824.0,0.0
8622,177,32,167,2015,4077994.0,793558.0
8623,177,33,167,2015,4386.0,0.0
8624,177,39,167,2015,3537917.0,425096.0
8625,177,41,167,2015,19497867.0,12194826.0
8626,177,42,167,2015,4192954.0,0.0
8627,177,43,167,2015,13515224.0,97940109.0
8628,177,49,167,2015,141354.0,0.0
8629,177,52,167,2015,102331.0,0.0
8630,177,58,167,2015,123223.0,0.0
8631,177,61,167,2015,190632432.0,255613931.0
8632,177,64,167,2015,40956403.0,2421465.0
8633,177,65,167,2015,11464.0,0.0
8634,177,67,167,2015,503806.0,8433.0
8635,177,71,167,2015,8221273.0,17535350.0
8636,177,74,167,2015,9150622.0,4441533.0
8637,177,77,167,2015,53920280.0,17734819.0
8638,177,81,167,2015,30843323.0,25580340.0
8639,177,90,167,2015,1370528.0,781497.0
8640,177,93,167,2015,646215.0,0.0
8641,177,96,167,2015,38666.0,0.0
8642,177,97,167,2015,550834.0,114318.0
8643,177,99,167,2015,1324.0,0.0
8644,177,102,167,2015,21342364.0,1662299.0
8645,177,103,167,2015,133733.0,279259.0
8646,177,104,167,2015,2204775.0,28091479.0
8647,177,106,167,2015,1519125.0,66475.0
8648,177,111,167,2015,20269467.0,54796777.0
8649,177,112,167,2015,3569.0,0.0
8650,177,113,167,2015,439692.0,0.0
8651,177,114,167,2015,1805869.0,4156503.0
8652,177,121,167,2015,6876587.0,7595479.0
8653,177,122,167,2015,92901.0,0.0
8654,177,130,167,2015,23507101.0,9561484.0
8655,177,138,167,2015,2910158.0,465700.0
8656,177,153,167,2015,104430.0,7328.0
8657,177,160,167,2015,2116.0,0.0
8658,177,162,167,2015,32287283.0,18282415.0
8659,177,163,167,2015,12982372.0,374930.0
8660,177,166,167,2015,1269918.0,1864.0
8661,177,169,167,2015,428335.0,0.0
8662,177,173,167,2015,1693388.0,0.0
8663,177,174,167,2015,510320.0,57940.0
8664,177,179,167,2015,915853.0,6088517.0
8665,177,180,167,2015,82651.0,0.0
8666,177,188,167,2015,1950016.0,136574.0
8667,177,190,167,2015,2908.0,0.0
8668,177,192,167,2015,3698034.0,16767.0
8669,177,197,167,2015,6361.0,0.0
8670,177,205,167,2015,20148.0,0.0
8671,177,206,167,2015,21903782.0,14688708.0
8672,177,207,167,2015,1224152.0,6507680.0
8673,177,208,167,2015,45097056.0,2965604.0
8674,177,216,167,2015,242046.0,993201.0
8675,177,222,167,2015,17666.0,0.0
8676,177,224,167,2015,6513351.0,4608389.0
8677,177,230,167,2015,100119.0,0.0
8678,177,231,167,2015,20106501.0,15091034.0
8679,177,246,167,2015,8983389.0,1060958.0
8680,177,249,167,2015,1095314.0,60301.0
8681,177,250,167,2015,9091.0,366255.0
8682,177,29,167,2015,3795.0,0.0
8683,177,59,167,2015,51363394.0,47184043.0
8684,177,124,167,2015,104072.0,10320.0
8685,177,131,167,2015,281302.0,296308.0
8686,177,168,167,2015,88355.0,291247.0
8687,177,243,167,2015,27721.0,0.0
8688,177,2,167,2015,59835.0,6929.0
8689,177,25,167,2015,13082.0,0.0
8690,177,107,167,2015,1498004.0,53508.0
8691,177,110,167,2015,2066495.0,239077.0
8692,177,115,167,2015,2855581.0,1051268.0
8693,177,128,167,2015,175320.0,0.0
8694,177,183,167,2015,315331.0,0.0
8695,177,228,167,2015,21136516.0,8187010.0
8696,177,14,167,2015,2868411.0,375833.0
8697,177,73,167,2015,23260.0,0.0
8698,177,185,167,2015,18923114.0,198048.0
8699,177,186,167,2015,34383461.0,12927284.0
8700,177,31,167,2015,43594.0,0.0
8701,177,145,167,2015,35365.0,0.0
8702,177,226,167,2015,28779.0,0.0
8703,177,44,167,2015,133683.0,0.0
8704,177,140,167,2015,122480.0,38278.0
8705,177,134,167,2015,627341.0,373613.0
8706,177,85,167,2015,7142.0,0.0
8707,177,239,167,2015,274512.0,1390054.0
8708,177,159,167,2015,17241.0,0.0
8709,177,142,167,2015,424437.0,0.0
8710,177,72,167,2015,9840388.0,73621.0
8711,177,191,167,2015,197833.0,0.0
8712,177,16,167,2015,2784247.0,0.0
8713,177,26,167,2015,344091.0,0.0
8714,177,28,167,2015,9748275.0,1283202.0
8715,177,68,167,2015,917961.0,61411.0
8716,177,82,167,2015,426756.0,0.0
8717,177,100,167,2015,2657514.0,1548768.0
8718,177,108,167,2015,148582.0,0.0
8719,177,116,167,2015,97665.0,0.0
8720,177,117,167,2015,12686.0,0.0
8721,177,132,167,2015,19096476.0,3762912.0
8722,177,135,167,2015,1748726.0,0.0
8723,177,147,167,2015,49282.0,0.0
8724,177,151,167,2015,35979.0,0.0
8725,177,167,167,2015,138348.0,0.0
8726,177,201,167,2015,1605412.0,2014.0
8727,177,217,167,2015,34296.0,0.0
8728,177,219,167,2015,41450.0,0.0
8729,177,223,167,2015,209284.0,0.0
8730,177,232,167,2015,202575.0,0.0
8731,177,227,167,2015,1352.0,0.0
8732,177,4,167,2015,37121.0,0.0
8733,177,144,167,2015,36421.0,0.0
8734,177,248,167,2015,1298.0,14184.0
8735,177,9,167,2015,165616.0,9799.0
8736,177,66,167,2015,407433.0,0.0
8737,177,83,167,2015,155826.0,0.0
8738,177,141,167,2015,119707.0,0.0
8739,177,109,167,2015,320797.0,0.0
8740,177,136,167,2015,8089.0,0.0
8741,177,45,167,2015,41912.0,0.0
8742,177,47,167,2015,151518.0,0.0
8743,177,84,167,2015,3424.0,0.0
8744,177,89,167,2015,1132.0,0.0
8745,177,133,167,2015,15828.0,0.0
8746,177,156,167,2015,23537.0,0.0
8747,177,247,167,2015,16258.0,0.0
8748,177,21,167,2015,46843.0,0.0
8749,177,199,167,2015,12282.0,0.0
8750,177,182,167,2015,1699.0,0.0
8751,177,48,167,2015,32186.0,0.0
8752,177,78,167,2015,2163.0,0.0
8753,177,137,167,2015,1956.0,0.0
8754,177,12,167,2015,107925.0,0.0
8755,177,210,167,2015,5715.0,0.0
8756,177,7,168,2015,390063.0,1789675.0
8757,177,8,168,2015,749420.0,0.0
8758,177,15,168,2015,12844782.0,3837156.0
8759,177,18,168,2015,11323006.0,16050769.0
8760,177,23,168,2015,3400828.0,2607939.0
8761,177,24,168,2015,128489.0,0.0
8762,177,32,168,2015,2229216.0,211372.0
8763,177,33,168,2015,961.0,0.0
8764,177,39,168,2015,1195194.0,19495.0
8765,177,41,168,2015,3989038.0,219990.0
8766,177,42,168,2015,25446.0,2919.0
8767,177,43,168,2015,4209789.0,116111099.0
8768,177,49,168,2015,7511.0,68033.0
8769,177,58,168,2015,104768.0,0.0
8770,177,61,168,2015,288908983.0,197740677.0
8771,177,64,168,2015,6857894.0,968250.0
8772,177,65,168,2015,37551.0,0.0
8773,177,67,168,2015,27494.0,0.0
8774,177,71,168,2015,7898114.0,60550426.0
8775,177,74,168,2015,3350836.0,395986.0
8776,177,77,168,2015,49882105.0,5238895.0
8777,177,81,168,2015,102635899.0,6986107.0
8778,177,90,168,2015,2236877.0,73808.0
8779,177,96,168,2015,2906.0,0.0
8780,177,97,168,2015,4577.0,48412.0
8781,177,99,168,2015,2130.0,0.0
8782,177,102,168,2015,23801036.0,3513757.0
8783,177,103,168,2015,285562.0,701615.0
8784,177,104,168,2015,7774492.0,13606419.0
8785,177,106,168,2015,1609513.0,97132.0
8786,177,111,168,2015,29220366.0,84545869.0
8787,177,112,168,2015,0.0,17608.0
8788,177,113,168,2015,223120.0,0.0
8789,177,114,168,2015,26306163.0,12563902.0
8790,177,121,168,2015,46981804.0,157648.0
8791,177,122,168,2015,158456.0,0.0
8792,177,130,168,2015,18221252.0,131429.0
8793,177,138,168,2015,787073.0,151235.0
8794,177,153,168,2015,328593.0,40701.0
8795,177,162,168,2015,11390682.0,11167161.0
8796,177,163,168,2015,3669886.0,226606.0
8797,177,166,168,2015,196107.0,0.0
8798,177,169,168,2015,43892.0,0.0
8799,177,173,168,2015,10593.0,0.0
8800,177,174,168,2015,303332.0,8356.0
8801,177,179,168,2015,14054307.0,3891241.0
8802,177,188,168,2015,2022333.0,0.0
8803,177,192,168,2015,16556.0,12588.0
8804,177,206,168,2015,46183934.0,6229267.0
8805,177,207,168,2015,2048900.0,166826.0
8806,177,208,168,2015,10749626.0,699535.0
8807,177,216,168,2015,4489947.0,2343698.0
8808,177,222,168,2015,7485.0,0.0
8809,177,224,168,2015,3810696.0,6333243.0
8810,177,230,168,2015,869.0,6369.0
8811,177,231,168,2015,19578934.0,8510824.0
8812,177,246,168,2015,13289788.0,26655.0
8813,177,249,168,2015,217806.0,508269.0
8814,177,250,168,2015,106482.0,945086.0
8815,177,59,168,2015,66903303.0,29253678.0
8816,177,124,168,2015,394108.0,0.0
8817,177,127,168,2015,4945.0,0.0
8818,177,131,168,2015,197220.0,92796.0
8819,177,168,168,2015,324975.0,14301.0
8820,177,2,168,2015,7794.0,0.0
8821,177,25,168,2015,26034.0,0.0
8822,177,107,168,2015,44773.0,94548.0
8823,177,110,168,2015,869418.0,15562.0
8824,177,115,168,2015,2729653.0,0.0
8825,177,128,168,2015,0.0,389787.0
8826,177,183,168,2015,164151.0,11934.0
8827,177,228,168,2015,33299442.0,13168161.0
8828,177,14,168,2015,500244.0,28947.0
8829,177,185,168,2015,25508678.0,6943780.0
8830,177,186,168,2015,38749647.0,783419.0
8831,177,145,168,2015,69039.0,0.0
8832,177,226,168,2015,12061.0,0.0
8833,177,44,168,2015,43895.0,0.0
8834,177,140,168,2015,368513.0,100144.0
8835,177,134,168,2015,85244.0,0.0
8836,177,85,168,2015,35535.0,0.0
8837,177,239,168,2015,4498.0,1457845.0
8838,177,22,168,2015,0.0,607651.0
8839,177,159,168,2015,186620.0,0.0
8840,177,142,168,2015,100416.0,0.0
8841,177,72,168,2015,6815475.0,6096.0
8842,177,191,168,2015,3615.0,0.0
8843,177,16,168,2015,1175234.0,10187.0
8844,177,80,168,2015,27117.0,0.0
8845,177,26,168,2015,1360269.0,97532.0
8846,177,28,168,2015,12856433.0,0.0
8847,177,68,168,2015,1526961.0,1613805.0
8848,177,82,168,2015,147749.0,0.0
8849,177,100,168,2015,2792143.0,147588.0
8850,177,108,168,2015,44093.0,0.0
8851,177,116,168,2015,4437.0,0.0
8852,177,117,168,2015,295965.0,0.0
8853,177,132,168,2015,6843783.0,2381232.0
8854,177,135,168,2015,3281340.0,7167.0
8855,177,151,168,2015,8259.0,0.0
8856,177,164,168,2015,0.0,1472.0
8857,177,167,168,2015,114495.0,0.0
8858,177,201,168,2015,2540283.0,128732.0
8859,177,217,168,2015,33157.0,0.0
8860,177,219,168,2015,476630.0,0.0
8861,177,223,168,2015,462297.0,19394.0
8862,177,232,168,2015,6601802.0,0.0
8863,177,211,168,2015,11395.0,0.0
8864,177,4,168,2015,63389.0,0.0
8865,177,144,168,2015,118748.0,0.0
8866,177,9,168,2015,64219.0,0.0
8867,177,66,168,2015,776656.0,0.0
8868,177,83,168,2015,45919.0,0.0
8869,177,46,168,2015,10463.0,0.0
8870,177,141,168,2015,26486.0,0.0
8871,177,109,168,2015,210465.0,3780.0
8872,177,136,168,2015,32386.0,0.0
8873,177,45,168,2015,166373.0,0.0
8874,177,47,168,2015,24749.0,0.0
8875,177,89,168,2015,45019.0,0.0
8876,177,92,168,2015,1360.0,0.0
8877,177,126,168,2015,105384.0,0.0
8878,177,156,168,2015,121837.0,0.0
8879,177,215,168,2015,43786.0,0.0
8880,177,5,168,2015,1777.0,0.0
8881,177,21,168,2015,46074.0,0.0
8882,177,199,168,2015,2815.0,0.0
8883,177,182,168,2015,1763.0,0.0
8884,177,198,168,2015,50291.0,0.0
8885,177,7,169,2015,4124822.0,821750.0
8886,177,8,169,2015,625880.0,28596.0
8887,177,15,169,2015,25543839.0,6289165.0
8888,177,18,169,2015,30306091.0,35627017.0
8889,177,23,169,2015,3652710.0,10146501.0
8890,177,24,169,2015,975084.0,1277916.0
8891,177,32,169,2015,781654.0,685005.0
8892,177,33,169,2015,3174.0,0.0
8893,177,39,169,2015,7512981.0,433326.0
8894,177,41,169,2015,7197518.0,3736702.0
8895,177,42,169,2015,314319.0,0.0
8896,177,43,169,2015,9549178.0,119047125.0
8897,177,49,169,2015,290143.0,12193.0
8898,177,52,169,2015,18533.0,0.0
8899,177,58,169,2015,241284.0,0.0
8900,177,61,169,2015,425022418.0,297566734.0
8901,177,64,169,2015,52508823.0,14999387.0
8902,177,65,169,2015,177626.0,0.0
8903,177,67,169,2015,20712.0,0.0
8904,177,71,169,2015,50355490.0,30273589.0
8905,177,74,169,2015,23224144.0,7076419.0
8906,177,77,169,2015,98000402.0,92472406.0
8907,177,81,169,2015,174575442.0,28545069.0
8908,177,90,169,2015,3656092.0,150324.0
8909,177,93,169,2015,93116.0,3609.0
8910,177,97,169,2015,102842.0,494228.0
8911,177,99,169,2015,871.0,0.0
8912,177,102,169,2015,45865727.0,26427777.0
8913,177,103,169,2015,187874.0,910674.0
8914,177,104,169,2015,1206978.0,3664668.0
8915,177,106,169,2015,7678826.0,1615299.0
8916,177,111,169,2015,58651588.0,100690105.0
8917,177,112,169,2015,16559.0,38385.0
8918,177,113,169,2015,319494.0,0.0
8919,177,114,169,2015,1944365.0,1792594.0
8920,177,121,169,2015,899700.0,2485872.0
8921,177,122,169,2015,321049.0,1730.0
8922,177,130,169,2015,38531612.0,7474164.0
8923,177,138,169,2015,2159350.0,3323351.0
8924,177,153,169,2015,415851.0,622983.0
8925,177,160,169,2015,6501.0,0.0
8926,177,162,169,2015,60978408.0,29324422.0
8927,177,163,169,2015,49829284.0,423317.0
8928,177,166,169,2015,361455.0,2451.0
8929,177,169,169,2015,51620.0,0.0
8930,177,173,169,2015,214449.0,408443.0
8931,177,174,169,2015,67361.0,9030.0
8932,177,179,169,2015,5492421.0,753126.0
8933,177,180,169,2015,2598.0,0.0
8934,177,188,169,2015,4083806.0,86770.0
8935,177,192,169,2015,660991.0,13399.0
8936,177,197,169,2015,1996.0,0.0
8937,177,205,169,2015,18689.0,0.0
8938,177,206,169,2015,81496598.0,26102164.0
8939,177,207,169,2015,4112977.0,10293940.0
8940,177,208,169,2015,91066385.0,7218885.0
8941,177,216,169,2015,306852.0,2684368.0
8942,177,222,169,2015,6046.0,0.0
8943,177,224,169,2015,15728061.0,17782450.0
8944,177,230,169,2015,11809.0,1582.0
8945,177,231,169,2015,52287667.0,14551709.0
8946,177,236,169,2015,56166.0,0.0
8947,177,246,169,2015,1872085.0,2232298.0
8948,177,249,169,2015,349012.0,5247246.0
8949,177,250,169,2015,378233.0,342939.0
8950,177,29,169,2015,3566.0,0.0
8951,177,59,169,2015,105254868.0,123172279.0
8952,177,124,169,2015,768617.0,0.0
8953,177,131,169,2015,749751.0,6598184.0
8954,177,168,169,2015,64077.0,119013.0
8955,177,243,169,2015,121706.0,0.0
8956,177,2,169,2015,135277.0,0.0
8957,177,25,169,2015,18533.0,0.0
8958,177,107,169,2015,128774.0,38961.0
8959,177,110,169,2015,1615672.0,104130.0
8960,177,115,169,2015,491681.0,0.0
8961,177,128,169,2015,3077.0,923.0
8962,177,183,169,2015,515878.0,0.0
8963,177,212,169,2015,95363.0,0.0
8964,177,228,169,2015,17057182.0,15356220.0
8965,177,14,169,2015,3662389.0,38924.0
8966,177,54,169,2015,6552.0,0.0
8967,177,73,169,2015,72889.0,5118.0
8968,177,185,169,2015,25384448.0,5762535.0
8969,177,186,169,2015,25057724.0,7598605.0
8970,177,31,169,2015,6350.0,0.0
8971,177,145,169,2015,282352.0,0.0
8972,177,226,169,2015,15261.0,0.0
8973,177,44,169,2015,38437.0,0.0
8974,177,140,169,2015,330866.0,0.0
8975,177,134,169,2015,1282110.0,12342.0
8976,177,239,169,2015,734393.0,145280.0
8977,177,159,169,2015,33820.0,0.0
8978,177,142,169,2015,55480.0,57683.0
8979,177,72,169,2015,17557125.0,1119839.0
8980,177,19,169,2015,93232.0,0.0
8981,177,181,169,2015,9011.0,0.0
8982,177,191,169,2015,2889.0,0.0
8983,177,16,169,2015,595691.0,0.0
8984,177,26,169,2015,3036087.0,3435.0
8985,177,28,169,2015,8704890.0,21127619.0
8986,177,68,169,2015,3194742.0,5573276.0
8987,177,82,169,2015,367567.0,6292852.0
8988,177,100,169,2015,3127639.0,907612.0
8989,177,108,169,2015,1610.0,0.0
8990,177,116,169,2015,7422.0,0.0
8991,177,117,169,2015,63637.0,0.0
8992,177,132,169,2015,17501505.0,7773488.0
8993,177,135,169,2015,1391535.0,252595.0
8994,177,151,169,2015,26297.0,0.0
8995,177,164,169,2015,417.0,0.0
8996,177,167,169,2015,180064.0,0.0
8997,177,201,169,2015,2512983.0,253491.0
8998,177,219,169,2015,372654.0,0.0
8999,177,223,169,2015,980872.0,2885.0
9000,177,232,169,2015,3923.0,0.0
9001,177,211,169,2015,13577.0,0.0
9002,177,4,169,2015,53985.0,0.0
9003,177,144,169,2015,68009.0,0.0
9004,177,9,169,2015,895861.0,0.0
9005,177,66,169,2015,1717672.0,0.0
9006,177,83,169,2015,20817.0,0.0
9007,177,46,169,2015,19517.0,0.0
9008,177,141,169,2015,16388.0,0.0
9009,177,109,169,2015,1003445.0,0.0
9010,177,136,169,2015,14887.0,0.0
9011,177,34,169,2015,83720.0,0.0
9012,177,37,169,2015,682.0,0.0
9013,177,45,169,2015,15905.0,7114.0
9014,177,47,169,2015,167909.0,0.0
9015,177,51,169,2015,1977.0,0.0
9016,177,84,169,2015,57199.0,0.0
9017,177,125,169,2015,17143.0,0.0
9018,177,126,169,2015,229827.0,0.0
9019,177,155,169,2015,11454.0,0.0
9020,177,156,169,2015,20694.0,0.0
9021,177,157,169,2015,0.0,4332.0
9022,177,196,169,2015,0.0,133363.0
9023,177,215,169,2015,36017.0,0.0
9024,177,5,169,2015,2765.0,0.0
9025,177,57,169,2015,2981.0,0.0
9026,177,21,169,2015,41270.0,0.0
9027,177,182,169,2015,1049.0,0.0
9028,177,198,169,2015,217048.0,0.0
9029,177,78,169,2015,198399.0,0.0
9030,177,7,170,2015,1389577.0,150497.0
9031,177,15,170,2015,4838309.0,42229950.0
9032,177,18,170,2015,10087355.0,17041710.0
9033,177,23,170,2015,1820836.0,307194.0
9034,177,24,170,2015,6272.0,0.0
9035,177,32,170,2015,7782.0,239637.0
9036,177,39,170,2015,15683712.0,2631628.0
9037,177,41,170,2015,89967972.0,7335206.0
9038,177,42,170,2015,85246.0,0.0
9039,177,43,170,2015,964664.0,26315546.0
9040,177,49,170,2015,627158.0,45367.0
9041,177,52,170,2015,0.0,7899.0
9042,177,58,170,2015,141772.0,0.0
9043,177,61,170,2015,253624907.0,98653651.0
9044,177,64,170,2015,2034540.0,5816806.0
9045,177,65,170,2015,774534.0,0.0
9046,177,67,170,2015,0.0,3547.0
9047,177,71,170,2015,12995179.0,10098077.0
9048,177,74,170,2015,1064267.0,63865.0
9049,177,77,170,2015,5851479.0,6224071.0
9050,177,81,170,2015,398979487.0,26229555.0
9051,177,90,170,2015,493011.0,251663.0
9052,177,97,170,2015,3357185.0,5512872.0
9053,177,102,170,2015,5051023.0,705658.0
9054,177,103,170,2015,5274.0,180299.0
9055,177,104,170,2015,19661806.0,9629895.0
9056,177,106,170,2015,182788.0,719862.0
9057,177,111,170,2015,59545505.0,88673429.0
9058,177,113,170,2015,14203.0,0.0
9059,177,114,170,2015,851129.0,204358.0
9060,177,118,170,2015,0.0,1075.0
9061,177,121,170,2015,1100756.0,296881.0
9062,177,122,170,2015,26147.0,0.0
9063,177,130,170,2015,5377592.0,1244409.0
9064,177,138,170,2015,139000.0,43431.0
9065,177,153,170,2015,11484.0,9980.0
9066,177,162,170,2015,12818218.0,5952451.0
9067,177,163,170,2015,114839.0,69215.0
9068,177,166,170,2015,8283.0,45121.0
9069,177,169,170,2015,2285.0,0.0
9070,177,173,170,2015,2659.0,2838.0
9071,177,174,170,2015,0.0,31483.0
9072,177,179,170,2015,251020.0,1336111.0
9073,177,188,170,2015,448978.0,0.0
9074,177,192,170,2015,66753.0,6782.0
9075,177,197,170,2015,229.0,0.0
9076,177,206,170,2015,13242690.0,1098471.0
9077,177,207,170,2015,426245.0,66906.0
9078,177,208,170,2015,636712.0,471543.0
9079,177,216,170,2015,2355316.0,8821696.0
9080,177,224,170,2015,20032373.0,24831738.0
9081,177,230,170,2015,0.0,14824.0
9082,177,231,170,2015,150828629.0,3940715.0
9083,177,246,170,2015,76748.0,1213796.0
9084,177,249,170,2015,320739.0,53755.0
9085,177,250,170,2015,1487994.0,404886.0
9086,177,59,170,2015,18691388.0,10212561.0
9087,177,124,170,2015,2721132.0,5935.0
9088,177,131,170,2015,49139.0,42515.0
9089,177,168,170,2015,15426.0,6753.0
9090,177,25,170,2015,6628.0,0.0
9091,177,107,170,2015,1997.0,0.0
9092,177,110,170,2015,705478.0,708076.0
9093,177,115,170,2015,442996.0,0.0
9094,177,128,170,2015,2888.0,428908.0
9095,177,183,170,2015,48929.0,1457.0
9096,177,228,170,2015,1638880.0,299454.0
9097,177,14,170,2015,43222789.0,617703.0
9098,177,185,170,2015,3979716.0,41635259.0
9099,177,186,170,2015,1354233.0,28114.0
9100,177,31,170,2015,0.0,296886.0
9101,177,145,170,2015,4018.0,0.0
9102,177,140,170,2015,11533.0,0.0
9103,177,134,170,2015,20845.0,0.0
9104,177,239,170,2015,1201.0,2999923.0
9105,177,159,170,2015,6702.0,0.0
9106,177,142,170,2015,64242.0,0.0
9107,177,72,170,2015,2050028.0,14776987.0
9108,177,181,170,2015,0.0,1379.0
9109,177,123,170,2015,137617.0,0.0
9110,177,16,170,2015,36807.0,0.0
9111,177,26,170,2015,65401.0,0.0
9112,177,28,170,2015,212554.0,6742.0
9113,177,68,170,2015,147210.0,2474.0
9114,177,82,170,2015,334921.0,1159.0
9115,177,100,170,2015,1060997.0,407466.0
9116,177,116,170,2015,0.0,1114.0
9117,177,132,170,2015,7968057.0,19022527.0
9118,177,135,170,2015,29569.0,0.0
9119,177,151,170,2015,47960.0,18556.0
9120,177,164,170,2015,0.0,3393.0
9121,177,167,170,2015,3927.0,0.0
9122,177,201,170,2015,117431.0,305307.0
9123,177,223,170,2015,14883.0,0.0
9124,177,232,170,2015,187896.0,0.0
9125,177,38,170,2015,0.0,1471.0
9126,177,211,170,2015,1528.0,0.0
9127,177,4,170,2015,3382.0,0.0
9128,177,144,170,2015,9088.0,0.0
9129,177,9,170,2015,131730.0,2080.0
9130,177,17,170,2015,0.0,1085.0
9131,177,83,170,2015,2286.0,24550.0
9132,177,109,170,2015,1081.0,5195.0
9133,177,136,170,2015,0.0,2595.0
9134,177,214,170,2015,1671.0,0.0
9135,177,47,170,2015,0.0,61297.0
9136,177,133,170,2015,4046.0,48843.0
9137,177,156,170,2015,7525.0,0.0
9138,177,247,170,2015,2793.0,0.0
9139,177,5,170,2015,1381.0,0.0
9140,177,198,170,2015,0.0,1779.0
9141,177,48,170,2015,0.0,25841.0
9142,177,7,171,2015,3438926.0,0.0
9143,177,8,171,2015,440917.0,2860482.0
9144,177,15,171,2015,144679487.0,216488380.0
9145,177,18,171,2015,53439636.0,300968200.0
9146,177,23,171,2015,7936712.0,3386964.0
9147,177,24,171,2015,49194.0,0.0
9148,177,32,171,2015,2159610.0,23109098.0
9149,177,39,171,2015,3072142.0,4015104.0
9150,177,41,171,2015,13219810.0,8124925.0
9151,177,42,171,2015,202975.0,226176.0
9152,177,43,171,2015,8456412.0,111125131.0
9153,177,49,171,2015,218436.0,0.0
9154,177,52,171,2015,43827.0,0.0
9155,177,55,171,2015,3637.0,0.0
9156,177,58,171,2015,7071567.0,111136.0
9157,177,61,171,2015,878857694.0,1680019521.0
9158,177,64,171,2015,46921842.0,61870187.0
9159,177,65,171,2015,326784.0,0.0
9160,177,67,171,2015,0.0,9569.0
9161,177,71,171,2015,59419049.0,89728787.0
9162,177,74,171,2015,100554745.0,108887614.0
9163,177,77,171,2015,105232999.0,269765393.0
9164,177,81,171,2015,30665483.0,98748287.0
9165,177,90,171,2015,2754813.0,2923270.0
9166,177,97,171,2015,120794.0,391795.0
9167,177,102,171,2015,140907027.0,109603159.0
9168,177,103,171,2015,1207094.0,3686762.0
9169,177,104,171,2015,25526041.0,82154511.0
9170,177,106,171,2015,1546383.0,608659.0
9171,177,111,171,2015,235271831.0,463903966.0
9172,177,112,171,2015,0.0,19918.0
9173,177,113,171,2015,0.0,3740.0
9174,177,114,171,2015,281015.0,15033564.0
9175,177,121,171,2015,1511119.0,141819093.0
9176,177,122,171,2015,282584.0,0.0
9177,177,130,171,2015,75479247.0,43601385.0
9178,177,138,171,2015,15041669.0,212304.0
9179,177,153,171,2015,3080303.0,2814837.0
9180,177,162,171,2015,54652786.0,206843768.0
9181,177,163,171,2015,13100063.0,74303755.0
9182,177,166,171,2015,20283.0,25678.0
9183,177,169,171,2015,41957.0,4775.0
9184,177,173,171,2015,48327.0,0.0
9185,177,174,171,2015,1526620.0,3268.0
9186,177,179,171,2015,14363321.0,8981534.0
9187,177,188,171,2015,3003880.0,210362.0
9188,177,190,171,2015,17788.0,3206.0
9189,177,192,171,2015,3607408.0,854864.0
9190,177,205,171,2015,25126.0,29387.0
9191,177,206,171,2015,250449692.0,476319343.0
9192,177,207,171,2015,22419534.0,43664180.0
9193,177,208,171,2015,89004114.0,216066255.0
9194,177,216,171,2015,452121.0,2327399.0
9195,177,222,171,2015,4344.0,0.0
9196,177,224,171,2015,18955436.0,49903390.0
9197,177,231,171,2015,9921767.0,19724056.0
9198,177,236,171,2015,10909.0,0.0
9199,177,246,171,2015,4046599.0,17442862.0
9200,177,249,171,2015,950117.0,24711352.0
9201,177,250,171,2015,24737.0,5776477.0
9202,177,59,171,2015,703694273.0,502303480.0
9203,177,124,171,2015,800807.0,0.0
9204,177,131,171,2015,22238399.0,103101814.0
9205,177,168,171,2015,6109487.0,28060.0
9206,177,2,171,2015,104592.0,0.0
9207,177,25,171,2015,54815.0,0.0
9208,177,110,171,2015,3090106.0,9473.0
9209,177,115,171,2015,1291696.0,636424.0
9210,177,128,171,2015,1242115.0,0.0
9211,177,183,171,2015,597302.0,0.0
9212,177,228,171,2015,88357453.0,360058370.0
9213,177,14,171,2015,267773.0,281803.0
9214,177,54,171,2015,16338.0,0.0
9215,177,185,171,2015,79133427.0,63169826.0
9216,177,186,171,2015,68916694.0,302204894.0
9217,177,145,171,2015,11252.0,0.0
9218,177,44,171,2015,6356.0,0.0
9219,177,140,171,2015,258395.0,2790936.0
9220,177,134,171,2015,122106.0,0.0
9221,177,85,171,2015,104270.0,0.0
9222,177,239,171,2015,3255679.0,7222838.0
9223,177,22,171,2015,535494.0,0.0
9224,177,159,171,2015,108939.0,0.0
9225,177,142,171,2015,1721062.0,67963.0
9226,177,237,171,2015,1315.0,0.0
9227,177,72,171,2015,35177739.0,1696100.0
9228,177,19,171,2015,7528.0,0.0
9229,177,234,171,2015,0.0,8647.0
9230,177,191,171,2015,1763.0,0.0
9231,177,120,171,2015,3322.0,6971.0
9232,177,16,171,2015,3447775.0,0.0
9233,177,0,171,2015,20001.0,0.0
9234,177,26,171,2015,2314855.0,21570.0
9235,177,28,171,2015,24081335.0,109897941.0
9236,177,68,171,2015,679186.0,771074.0
9237,177,82,171,2015,148968.0,1843.0
9238,177,100,171,2015,21081199.0,3096748.0
9239,177,108,171,2015,2732530.0,0.0
9240,177,117,171,2015,7550.0,0.0
9241,177,132,171,2015,30230948.0,45751460.0
9242,177,135,171,2015,1524821.0,8905839.0
9243,177,167,171,2015,86067.0,0.0
9244,177,201,171,2015,8457430.0,2007359.0
9245,177,217,171,2015,1443178.0,0.0
9246,177,219,171,2015,28377.0,0.0
9247,177,223,171,2015,588397.0,0.0
9248,177,232,171,2015,60835.0,0.0
9249,177,38,171,2015,0.0,71113.0
9250,177,4,171,2015,0.0,47653.0
9251,177,144,171,2015,240950.0,178536.0
9252,177,248,171,2015,23430.0,0.0
9253,177,9,171,2015,1715.0,1144973.0
9254,177,66,171,2015,319462.0,0.0
9255,177,83,171,2015,10853.0,0.0
9256,177,46,171,2015,0.0,386035.0
9257,177,139,171,2015,0.0,63848.0
9258,177,178,171,2015,0.0,3931.0
9259,177,109,171,2015,911152.0,6252930.0
9260,177,136,171,2015,3176.0,0.0
9261,177,45,171,2015,11314.0,0.0
9262,177,47,171,2015,1314179.0,0.0
9263,177,84,171,2015,0.0,17041.0
9264,177,155,171,2015,0.0,2093.0
9265,177,215,171,2015,2042768.0,0.0
9266,177,35,171,2015,0.0,120389.0
9267,177,21,171,2015,16825.0,0.0
9268,177,199,171,2015,1337.0,0.0
9269,177,240,171,2015,26474.0,0.0
9270,177,78,171,2015,21816.0,17956.0
9271,177,137,171,2015,1501.0,0.0
9272,177,11,171,2015,1642.0,0.0
9273,177,7,173,2015,561400.0,83475.0
9274,177,8,173,2015,44986.0,0.0
9275,177,15,173,2015,73411161.0,24780395.0
9276,177,18,173,2015,67995465.0,105536515.0
9277,177,23,173,2015,10189918.0,39600514.0
9278,177,24,173,2015,67517.0,0.0
9279,177,32,173,2015,219394.0,791922.0
9280,177,39,173,2015,3619670.0,306629.0
9281,177,41,173,2015,43991917.0,8518088.0
9282,177,42,173,2015,4645.0,15627496.0
9283,177,43,173,2015,656543504.0,46905805.0
9284,177,49,173,2015,3994.0,0.0
9285,177,58,173,2015,0.0,2499795.0
9286,177,61,173,2015,990088024.0,752892953.0
9287,177,64,173,2015,5131911.0,4547579.0
9288,177,65,173,2015,2194.0,0.0
9289,177,71,173,2015,13006267.0,59084870.0
9290,177,74,173,2015,12597531.0,8298484.0
9291,177,77,173,2015,165907179.0,28163668.0
9292,177,81,173,2015,21745820.0,13832505.0
9293,177,90,173,2015,1985079.0,4958784.0
9294,177,97,173,2015,237546.0,163944.0
9295,177,102,173,2015,266195051.0,14963451.0
9296,177,103,173,2015,1606102.0,0.0
9297,177,104,173,2015,11208097.0,2208871.0
9298,177,106,173,2015,4203030.0,188290.0
9299,177,111,173,2015,181344543.0,78742603.0
9300,177,113,173,2015,18254.0,0.0
9301,177,114,173,2015,2904415.0,395702.0
9302,177,121,173,2015,9889701.0,10548117.0
9303,177,122,173,2015,20337.0,0.0
9304,177,130,173,2015,4245379.0,22239829.0
9305,177,138,173,2015,276637.0,13562.0
9306,177,153,173,2015,22980834.0,1435305.0
9307,177,162,173,2015,26376861.0,45531543.0
9308,177,163,173,2015,7254030.0,926955.0
9309,177,166,173,2015,76057.0,0.0
9310,177,169,173,2015,6573.0,0.0
9311,177,173,173,2015,30176.0,0.0
9312,177,174,173,2015,0.0,1129.0
9313,177,179,173,2015,1674763.0,1985324.0
9314,177,180,173,2015,0.0,9214.0
9315,177,188,173,2015,1294085.0,0.0
9316,177,192,173,2015,10633140.0,84350.0
9317,177,206,173,2015,64660845.0,25821014.0
9318,177,207,173,2015,18337364.0,8508475.0
9319,177,208,173,2015,15015045.0,99962191.0
9320,177,216,173,2015,16133.0,10399.0
9321,177,224,173,2015,35916880.0,16155500.0
9322,177,230,173,2015,4864.0,0.0
9323,177,231,173,2015,12693847.0,2957282.0
9324,177,246,173,2015,63974.0,2243.0
9325,177,249,173,2015,1335542.0,1324262.0
9326,177,250,173,2015,0.0,703094.0
9327,177,59,173,2015,367067849.0,61017584.0
9328,177,124,173,2015,11799.0,0.0
9329,177,131,173,2015,50979.0,86045.0
9330,177,168,173,2015,106639.0,0.0
9331,177,2,173,2015,33396.0,0.0
9332,177,107,173,2015,2652.0,0.0
9333,177,110,173,2015,685444.0,33500.0
9334,177,115,173,2015,192377.0,0.0
9335,177,128,173,2015,4427.0,0.0
9336,177,183,173,2015,64792.0,0.0
9337,177,228,173,2015,9589713.0,4063352.0
9338,177,14,173,2015,15074777.0,66572.0
9339,177,54,173,2015,5886.0,0.0
9340,177,73,173,2015,138710.0,0.0
9341,177,185,173,2015,27990516.0,51525517.0
9342,177,186,173,2015,19202375.0,2396104.0
9343,177,31,173,2015,930.0,0.0
9344,177,145,173,2015,34310.0,0.0
9345,177,226,173,2015,15984.0,1693.0
9346,177,44,173,2015,2115.0,0.0
9347,177,140,173,2015,57703.0,0.0
9348,177,134,173,2015,6406.0,3056.0
9349,177,239,173,2015,537666.0,39182.0
9350,177,159,173,2015,4721.0,0.0
9351,177,142,173,2015,1032.0,0.0
9352,177,237,173,2015,5508.0,0.0
9353,177,72,173,2015,3236067.0,1450311.0
9354,177,16,173,2015,16902.0,0.0
9355,177,26,173,2015,8818978.0,0.0
9356,177,28,173,2015,3579265.0,826858.0
9357,177,68,173,2015,12932495.0,7447.0
9358,177,82,173,2015,77887.0,80000.0
9359,177,100,173,2015,442225.0,231574.0
9360,177,108,173,2015,1067.0,0.0
9361,177,117,173,2015,4140.0,0.0
9362,177,132,173,2015,6528684.0,14943062.0
9363,177,135,173,2015,192338.0,3738.0
9364,177,151,173,2015,1764.0,0.0
9365,177,164,173,2015,0.0,5248.0
9366,177,167,173,2015,95061.0,12326.0
9367,177,201,173,2015,23281790.0,1011710.0
9368,177,219,173,2015,1361.0,0.0
9369,177,223,173,2015,157712.0,0.0
9370,177,4,173,2015,1538.0,0.0
9371,177,144,173,2015,156161.0,260444.0
9372,177,9,173,2015,42275.0,0.0
9373,177,66,173,2015,105065.0,0.0
9374,177,109,173,2015,23927.0,0.0
9375,177,45,173,2015,7952.0,0.0
9376,177,47,173,2015,9012.0,0.0
9377,177,156,173,2015,875.0,0.0
9378,177,62,173,2015,0.0,6499.0
9379,177,198,173,2015,0.0,10177.0
9380,177,78,173,2015,3817.0,0.0
9381,177,7,174,2015,3296.0,0.0
9382,177,8,174,2015,12733.0,0.0
9383,177,15,174,2015,104991.0,869298.0
9384,177,18,174,2015,21550.0,845640.0
9385,177,23,174,2015,245160.0,59914.0
9386,177,32,174,2015,2363.0,1351340.0
9387,177,39,174,2015,655201.0,1677633.0
9388,177,41,174,2015,251515.0,443208.0
9389,177,43,174,2015,106786.0,929019.0
9390,177,61,174,2015,13322058.0,20919887.0
9391,177,64,174,2015,21859.0,424450.0
9392,177,71,174,2015,714819.0,376903.0
9393,177,74,174,2015,27528.0,49601.0
9394,177,77,174,2015,911181.0,3228435.0
9395,177,81,174,2015,455105.0,6383435.0
9396,177,97,174,2015,0.0,10423.0
9397,177,102,174,2015,24336.0,53152.0
9398,177,103,174,2015,0.0,12275.0
9399,177,104,174,2015,0.0,199006.0
9400,177,106,174,2015,11593.0,362850.0
9401,177,111,174,2015,174929.0,2232322.0
9402,177,114,174,2015,0.0,3391339.0
9403,177,121,174,2015,0.0,145619.0
9404,177,122,174,2015,1838.0,0.0
9405,177,130,174,2015,1890092.0,1200623.0
9406,177,138,174,2015,0.0,22883.0
9407,177,153,174,2015,0.0,2095.0
9408,177,162,174,2015,9017091.0,12450389.0
9409,177,163,174,2015,1566.0,3598391.0
9410,177,179,174,2015,6263.0,0.0
9411,177,188,174,2015,136938.0,0.0
9412,177,192,174,2015,0.0,5503.0
9413,177,206,174,2015,7699262.0,1390012.0
9414,177,207,174,2015,764982.0,0.0
9415,177,208,174,2015,3688719.0,602366.0
9416,177,224,174,2015,968135.0,32016.0
9417,177,231,174,2015,2644095.0,15960654.0
9418,177,249,174,2015,0.0,31206.0
9419,177,250,174,2015,0.0,71988.0
9420,177,59,174,2015,17259302.0,11850164.0
9421,177,107,174,2015,58481.0,0.0
9422,177,110,174,2015,0.0,37873.0
9423,177,115,174,2015,3667.0,0.0
9424,177,183,174,2015,4884.0,0.0
9425,177,228,174,2015,3519907.0,59643.0
9426,177,185,174,2015,79725.0,960.0
9427,177,186,174,2015,1054815.0,8858939.0
9428,177,239,174,2015,0.0,15223.0
9429,177,22,174,2015,0.0,21944.0
9430,177,72,174,2015,7338.0,9771.0
9431,177,16,174,2015,17510.0,0.0
9432,177,26,174,2015,2091.0,0.0
9433,177,28,174,2015,159438.0,0.0
9434,177,132,174,2015,26115.0,10939.0
9435,177,201,174,2015,53529.0,0.0
9436,177,47,174,2015,3879.0,0.0
9437,177,7,175,2015,520885.0,51928520.0
9438,177,8,175,2015,528595.0,1530.0
9439,177,15,175,2015,105038229.0,100394398.0
9440,177,18,175,2015,57146221.0,46092176.0
9441,177,23,175,2015,5773359.0,30625671.0
9442,177,24,175,2015,223541.0,15498675.0
9443,177,32,175,2015,1435112.0,162054.0
9444,177,39,175,2015,1067157.0,3332032.0
9445,177,41,175,2015,36229327.0,20497361.0
9446,177,42,175,2015,90673.0,0.0
9447,177,43,175,2015,4300854.0,158644127.0
9448,177,49,175,2015,18164.0,0.0
9449,177,52,175,2015,12350.0,0.0
9450,177,58,175,2015,6302121.0,599458.0
9451,177,61,175,2015,899196652.0,970100074.0
9452,177,64,175,2015,30702430.0,66967747.0
9453,177,65,175,2015,96474.0,0.0
9454,177,71,175,2015,22459184.0,64136066.0
9455,177,74,175,2015,20300494.0,11282682.0
9456,177,77,175,2015,132011733.0,150409767.0
9457,177,81,175,2015,96752891.0,35132242.0
9458,177,90,175,2015,622423.0,55981070.0
9459,177,93,175,2015,10919.0,0.0
9460,177,97,175,2015,104122.0,270924.0
9461,177,99,175,2015,53229.0,0.0
9462,177,102,175,2015,126340374.0,73955996.0
9463,177,103,175,2015,504429.0,9657.0
9464,177,104,175,2015,14748617.0,2696105.0
9465,177,106,175,2015,2477695.0,1193388.0
9466,177,111,175,2015,64171246.0,194104062.0
9467,177,113,175,2015,72487.0,0.0
9468,177,114,175,2015,594597.0,345028.0
9469,177,121,175,2015,888349.0,4966454.0
9470,177,122,175,2015,530343.0,0.0
9471,177,130,175,2015,25151506.0,18127738.0
9472,177,138,175,2015,4073448.0,257370.0
9473,177,153,175,2015,771937.0,278185.0
9474,177,160,175,2015,530.0,0.0
9475,177,162,175,2015,102529323.0,203263988.0
9476,177,163,175,2015,33819528.0,220249262.0
9477,177,166,175,2015,209402.0,1720.0
9478,177,169,175,2015,11740.0,23711.0
9479,177,173,175,2015,17572.0,0.0
9480,177,174,175,2015,16886.0,11927.0
9481,177,179,175,2015,4946653.0,2100777.0
9482,177,180,175,2015,101182.0,0.0
9483,177,188,175,2015,278450.0,2101.0
9484,177,190,175,2015,22270.0,0.0
9485,177,192,175,2015,325639.0,4136.0
9486,177,197,175,2015,1859.0,0.0
9487,177,206,175,2015,127067633.0,117792405.0
9488,177,207,175,2015,36925626.0,46915282.0
9489,177,208,175,2015,51901287.0,219194715.0
9490,177,216,175,2015,206157.0,194615.0
9491,177,224,175,2015,18299506.0,78610132.0
9492,177,230,175,2015,4563.0,0.0
9493,177,231,175,2015,22652213.0,20466391.0
9494,177,236,175,2015,0.0,911137.0
9495,177,246,175,2015,1355806.0,8274240.0
9496,177,249,175,2015,393327.0,3662625.0
9497,177,250,175,2015,33146.0,1873057.0
9498,177,29,175,2015,17268.0,0.0
9499,177,59,175,2015,359539002.0,222876784.0
9500,177,124,175,2015,125246.0,0.0
9501,177,131,175,2015,2216750.0,2396397.0
9502,177,168,175,2015,102449.0,2502.0
9503,177,2,175,2015,98798.0,0.0
9504,177,25,175,2015,585524.0,0.0
9505,177,107,175,2015,127763.0,0.0
9506,177,110,175,2015,1409004.0,1274932.0
9507,177,115,175,2015,2209450.0,54636.0
9508,177,183,175,2015,195226.0,0.0
9509,177,212,175,2015,1764.0,0.0
9510,177,228,175,2015,49803015.0,19543580.0
9511,177,14,175,2015,1454649.0,52683.0
9512,177,54,175,2015,2206.0,0.0
9513,177,73,175,2015,1038.0,0.0
9514,177,185,175,2015,37449161.0,43268409.0
9515,177,186,175,2015,28142333.0,264753738.0
9516,177,145,175,2015,95287.0,0.0
9517,177,226,175,2015,14730.0,0.0
9518,177,44,175,2015,20580.0,0.0
9519,177,140,175,2015,1453729.0,2869681.0
9520,177,134,175,2015,1691258.0,169726.0
9521,177,85,175,2015,22008.0,0.0
9522,177,239,175,2015,526611.0,1860746.0
9523,177,22,175,2015,53377.0,0.0
9524,177,159,175,2015,230933.0,0.0
9525,177,142,175,2015,637313.0,111253.0
9526,177,72,175,2015,13019205.0,2140366.0
9527,177,181,175,2015,9728.0,0.0
9528,177,191,175,2015,62438.0,0.0
9529,177,16,175,2015,1532959.0,0.0
9530,177,80,175,2015,29238.0,0.0
9531,177,0,175,2015,1519.0,0.0
9532,177,26,175,2015,2978653.0,11507052.0
9533,177,28,175,2015,11886551.0,1531065.0
9534,177,68,175,2015,1802793.0,14332160.0
9535,177,82,175,2015,778373.0,55054.0
9536,177,100,175,2015,9767238.0,10081169.0
9537,177,108,175,2015,134302.0,0.0
9538,177,116,175,2015,229482.0,0.0
9539,177,117,175,2015,71661.0,0.0
9540,177,132,175,2015,13001909.0,4513659.0
9541,177,135,175,2015,1657414.0,0.0
9542,177,147,175,2015,0.0,3742228.0
9543,177,151,175,2015,9855.0,1262.0
9544,177,167,175,2015,14555.0,1282.0
9545,177,187,175,2015,2976.0,0.0
9546,177,201,175,2015,13638695.0,12189768.0
9547,177,217,175,2015,256430.0,0.0
9548,177,219,175,2015,65017.0,0.0
9549,177,223,175,2015,355171.0,113846.0
9550,177,232,175,2015,236957.0,0.0
9551,177,211,175,2015,622.0,0.0
9552,177,4,175,2015,242870.0,50662.0
9553,177,144,175,2015,434778.0,159938.0
9554,177,9,175,2015,99251.0,12563672.0
9555,177,66,175,2015,2066888.0,0.0
9556,177,83,175,2015,0.0,121620.0
9557,177,46,175,2015,804.0,35768.0
9558,177,109,175,2015,229719.0,60649491.0
9559,177,136,175,2015,8650.0,0.0
9560,177,214,175,2015,8604.0,0.0
9561,177,45,175,2015,173208.0,943792.0
9562,177,47,175,2015,242668.0,0.0
9563,177,92,175,2015,889.0,0.0
9564,177,126,175,2015,10523.0,0.0
9565,177,156,175,2015,3940.0,0.0
9566,177,157,175,2015,11023.0,0.0
9567,177,196,175,2015,0.0,1297.0
9568,177,215,175,2015,46478.0,0.0
9569,177,247,175,2015,17880.0,0.0
9570,177,5,175,2015,16059.0,0.0
9571,177,21,175,2015,97054.0,0.0
9572,177,62,175,2015,0.0,34196.0
9573,177,199,175,2015,29159.0,0.0
9574,177,182,175,2015,1377.0,0.0
9575,177,198,175,2015,0.0,5886.0
9576,177,78,175,2015,3702.0,0.0
9577,177,137,175,2015,1163.0,0.0
9578,177,7,177,2015,1732.0,0.0
9579,177,15,177,2015,28890942.0,29280478.0
9580,177,18,177,2015,984416.0,13263455.0
9581,177,23,177,2015,579113.0,9848793.0
9582,177,32,177,2015,15815.0,1126.0
9583,177,39,177,2015,0.0,19921.0
9584,177,41,177,2015,1147283.0,548200.0
9585,177,43,177,2015,24636.0,1756772.0
9586,177,58,177,2015,5751274.0,0.0
9587,177,61,177,2015,122819397.0,65618599.0
9588,177,64,177,2015,580011.0,1086703.0
9589,177,71,177,2015,565120.0,34040349.0
9590,177,74,177,2015,3608.0,9408156.0
9591,177,77,177,2015,14608008.0,13716167.0
9592,177,81,177,2015,1650265.0,2874082.0
9593,177,90,177,2015,843908.0,0.0
9594,177,97,177,2015,0.0,27751.0
9595,177,102,177,2015,17028744.0,1703976.0
9596,177,103,177,2015,74706.0,0.0
9597,177,104,177,2015,89503.0,501785.0
9598,177,106,177,2015,10087.0,4103.0
9599,177,111,177,2015,33101409.0,13961667.0
9600,177,114,177,2015,121293.0,108951.0
9601,177,121,177,2015,2164104.0,157804.0
9602,177,122,177,2015,1393.0,0.0
9603,177,130,177,2015,3015615.0,217731.0
9604,177,138,177,2015,30311.0,675231.0
9605,177,153,177,2015,0.0,69503.0
9606,177,162,177,2015,5315018.0,22009485.0
9607,177,163,177,2015,200951.0,661517.0
9608,177,173,177,2015,0.0,1256455.0
9609,177,174,177,2015,45128.0,0.0
9610,177,179,177,2015,573309.0,50041.0
9611,177,188,177,2015,1987.0,0.0
9612,177,192,177,2015,47760.0,0.0
9613,177,206,177,2015,86424098.0,6612383.0
9614,177,207,177,2015,2589029.0,1606436.0
9615,177,208,177,2015,2264112.0,6849502.0
9616,177,224,177,2015,535506.0,1121636.0
9617,177,231,177,2015,65408.0,743195.0
9618,177,246,177,2015,0.0,15968.0
9619,177,249,177,2015,0.0,1237154.0
9620,177,250,177,2015,0.0,53429.0
9621,177,59,177,2015,123803801.0,110677969.0
9622,177,131,177,2015,54749.0,108593.0
9623,177,110,177,2015,0.0,20636.0
9624,177,115,177,2015,85651.0,0.0
9625,177,183,177,2015,11917.0,0.0
9626,177,228,177,2015,2794451.0,48675.0
9627,177,14,177,2015,21350.0,0.0
9628,177,185,177,2015,10441171.0,901091.0
9629,177,186,177,2015,562366.0,18573.0
9630,177,44,177,2015,5014.0,0.0
9631,177,140,177,2015,59935.0,0.0
9632,177,134,177,2015,76902.0,37381.0
9633,177,239,177,2015,695071.0,29460.0
9634,177,142,177,2015,58023.0,219306.0
9635,177,72,177,2015,168211.0,2136.0
9636,177,26,177,2015,1071670.0,566825.0
9637,177,28,177,2015,764657.0,0.0
9638,177,68,177,2015,14393.0,183470.0
9639,177,82,177,2015,5278.0,73668.0
9640,177,100,177,2015,740872.0,0.0
9641,177,132,177,2015,1206589.0,235502.0
9642,177,135,177,2015,1651.0,0.0
9643,177,201,177,2015,488732.0,0.0
9644,177,223,177,2015,163729.0,26888.0
9645,177,232,177,2015,0.0,44207.0
9646,177,9,177,2015,3080.0,0.0
9647,177,109,177,2015,34133.0,0.0
9648,177,12,177,2015,54591.0,0.0
9649,177,7,178,2015,2454.0,750081.0
9650,177,15,178,2015,11797223.0,626947.0
9651,177,18,178,2015,1410749.0,10391747.0
9652,177,23,178,2015,735712.0,0.0
9653,177,24,178,2015,7319.0,0.0
9654,177,32,178,2015,0.0,58271.0
9655,177,39,178,2015,125506.0,3179029.0
9656,177,41,178,2015,34988.0,99754.0
9657,177,43,178,2015,2165.0,2224966.0
9658,177,61,178,2015,10960280.0,11753376.0
9659,177,64,178,2015,5600169.0,467520.0
9660,177,65,178,2015,694.0,0.0
9661,177,71,178,2015,1017973.0,1308745.0
9662,177,74,178,2015,7039.0,356639.0
9663,177,77,178,2015,2713691.0,1948550.0
9664,177,81,178,2015,3957001.0,2730194.0
9665,177,90,178,2015,9483.0,0.0
9666,177,97,178,2015,0.0,2116070.0
9667,177,102,178,2015,2561826.0,3313007.0
9668,177,103,178,2015,0.0,2842816.0
9669,177,104,178,2015,1375.0,287632.0
9670,177,106,178,2015,1719.0,95461.0
9671,177,111,178,2015,57858.0,2886083.0
9672,177,114,178,2015,0.0,50495.0
9673,177,121,178,2015,0.0,223502.0
9674,177,130,178,2015,24380.0,6731.0
9675,177,138,178,2015,444028.0,1273.0
9676,177,153,178,2015,13827.0,23884.0
9677,177,162,178,2015,19577259.0,6896872.0
9678,177,163,178,2015,0.0,8878.0
9679,177,179,178,2015,21749.0,0.0
9680,177,188,178,2015,203880.0,0.0
9681,177,192,178,2015,0.0,2600368.0
9682,177,206,178,2015,1635807.0,757501.0
9683,177,207,178,2015,21996.0,20697.0
9684,177,208,178,2015,55615.0,1394.0
9685,177,216,178,2015,0.0,6579.0
9686,177,231,178,2015,23716488.0,2243853.0
9687,177,249,178,2015,0.0,2939.0
9688,177,59,178,2015,1430077.0,8763215.0
9689,177,131,178,2015,0.0,45886.0
9690,177,183,178,2015,5230.0,0.0
9691,177,228,178,2015,588596.0,0.0
9692,177,54,178,2015,21002.0,0.0
9693,177,185,178,2015,206496.0,0.0
9694,177,186,178,2015,428157.0,38148.0
9695,177,31,178,2015,0.0,2351926.0
9696,177,140,178,2015,11167.0,0.0
9697,177,134,178,2015,109654.0,0.0
9698,177,72,178,2015,54372.0,0.0
9699,177,26,178,2015,47635.0,0.0
9700,177,28,178,2015,469168.0,0.0
9701,177,100,178,2015,6911.0,0.0
9702,177,132,178,2015,588375.0,13671.0
9703,177,201,178,2015,284852.0,3235.0
9704,177,223,178,2015,88786.0,0.0
9705,177,7,179,2015,2037.0,0.0
9706,177,15,179,2015,762612.0,2619872.0
9707,177,18,179,2015,549328.0,393751.0
9708,177,23,179,2015,17649.0,2093.0
9709,177,24,179,2015,6362.0,0.0
9710,177,32,179,2015,1226.0,4007.0
9711,177,39,179,2015,127522.0,321682.0
9712,177,41,179,2015,382950.0,691086.0
9713,177,43,179,2015,493125.0,16030404.0
9714,177,49,179,2015,0.0,13336.0
9715,177,58,179,2015,0.0,1330.0
9716,177,61,179,2015,14462543.0,15526525.0
9717,177,64,179,2015,270970.0,713324.0
9718,177,71,179,2015,50613.0,586175.0
9719,177,74,179,2015,112810.0,0.0
9720,177,77,179,2015,3007844.0,3964089.0
9721,177,81,179,2015,922306.0,5371731.0
9722,177,90,179,2015,2157.0,0.0
9723,177,97,179,2015,0.0,10563.0
9724,177,102,179,2015,3882154.0,1277812.0
9725,177,103,179,2015,9388.0,2285.0
9726,177,104,179,2015,0.0,1998196.0
9727,177,106,179,2015,6417.0,34227.0
9728,177,111,179,2015,1985938.0,1292100.0
9729,177,114,179,2015,457359.0,707083.0
9730,177,121,179,2015,215611.0,61855.0
9731,177,130,179,2015,12113.0,7498.0
9732,177,162,179,2015,313881.0,1923024.0
9733,177,163,179,2015,52263.0,61381.0
9734,177,174,179,2015,52228.0,4880.0
9735,177,179,179,2015,12335.0,0.0
9736,177,188,179,2015,2609.0,0.0
9737,177,190,179,2015,2665.0,0.0
9738,177,206,179,2015,497063.0,326008.0
9739,177,207,179,2015,20598.0,1006861.0
9740,177,208,179,2015,394840.0,543523.0
9741,177,216,179,2015,0.0,58415.0
9742,177,224,179,2015,182068.0,26806.0
9743,177,230,179,2015,3643.0,0.0
9744,177,231,179,2015,4197182.0,8537796.0
9745,177,246,179,2015,0.0,169510.0
9746,177,249,179,2015,0.0,58761.0
9747,177,250,179,2015,0.0,899321.0
9748,177,59,179,2015,3999984.0,950570.0
9749,177,131,179,2015,0.0,250306.0
9750,177,110,179,2015,237394.0,0.0
9751,177,228,179,2015,475014.0,451686.0
9752,177,14,179,2015,4762.0,0.0
9753,177,73,179,2015,2835.0,0.0
9754,177,185,179,2015,1677001.0,3299531.0
9755,177,186,179,2015,379194.0,624504.0
9756,177,226,179,2015,32617.0,0.0
9757,177,134,179,2015,6969.0,0.0
9758,177,239,179,2015,121343.0,59238.0
9759,177,159,179,2015,20116.0,0.0
9760,177,72,179,2015,16757.0,1678.0
9761,177,28,179,2015,452357.0,68288.0
9762,177,100,179,2015,19330.0,0.0
9763,177,132,179,2015,68952.0,2002.0
9764,177,201,179,2015,117811.0,0.0
9765,177,217,179,2015,0.0,100462.0
9766,177,9,179,2015,9185.0,0.0
9767,177,109,179,2015,29615.0,0.0
9768,177,47,179,2015,0.0,2299.0
9769,177,229,179,2015,0.0,9638.0
9770,177,1,180,2015,40090.0,0.0
9771,177,7,180,2015,17842616.0,140521.0
9772,177,8,180,2015,343990.0,33981.0
9773,177,15,180,2015,10525215.0,26601631.0
9774,177,18,180,2015,62972388.0,23674763.0
9775,177,23,180,2015,2530686.0,1005162.0
9776,177,24,180,2015,877125.0,0.0
9777,177,32,180,2015,909874.0,1045456.0
9778,177,33,180,2015,1702.0,0.0
9779,177,39,180,2015,2457072.0,3549846.0
9780,177,41,180,2015,2425788.0,21483818.0
9781,177,42,180,2015,555710.0,6692.0
9782,177,43,180,2015,23477169.0,160475162.0
9783,177,49,180,2015,181397.0,0.0
9784,177,52,180,2015,288191.0,0.0
9785,177,58,180,2015,164371.0,86394.0
9786,177,61,180,2015,224433598.0,528771639.0
9787,177,64,180,2015,7585024.0,6126384.0
9788,177,65,180,2015,40066.0,0.0
9789,177,67,180,2015,12262.0,0.0
9790,177,71,180,2015,32423964.0,25816369.0
9791,177,74,180,2015,6534404.0,10175075.0
9792,177,77,180,2015,48088350.0,27752270.0
9793,177,81,180,2015,71515353.0,29541153.0
9794,177,90,180,2015,17282632.0,351264.0
9795,177,93,180,2015,113743.0,0.0
9796,177,96,180,2015,2876.0,0.0
9797,177,97,180,2015,2121094.0,870217.0
9798,177,99,180,2015,13733.0,0.0
9799,177,102,180,2015,12262593.0,2858855.0
9800,177,103,180,2015,6407414.0,74183.0
9801,177,104,180,2015,21359168.0,8478193.0
9802,177,106,180,2015,977749.0,7812099.0
9803,177,111,180,2015,41023751.0,48084431.0
9804,177,113,180,2015,1973833.0,0.0
9805,177,114,180,2015,35517417.0,7120567.0
9806,177,121,180,2015,26072861.0,19332130.0
9807,177,122,180,2015,5260328.0,0.0
9808,177,130,180,2015,11191630.0,756051.0
9809,177,138,180,2015,22848769.0,20033629.0
9810,177,153,180,2015,24522089.0,503135.0
9811,177,160,180,2015,25588.0,0.0
9812,177,162,180,2015,22373588.0,25105336.0
9813,177,163,180,2015,5579057.0,609264.0
9814,177,166,180,2015,1248655.0,45089.0
9815,177,169,180,2015,52135.0,0.0
9816,177,173,180,2015,253550.0,0.0
9817,177,174,180,2015,115307.0,0.0
9818,177,179,180,2015,1594373.0,2734322.0
9819,177,180,180,2015,11877.0,0.0
9820,177,188,180,2015,49529322.0,0.0
9821,177,190,180,2015,4322.0,0.0
9822,177,192,180,2015,3446208.0,231900.0
9823,177,197,180,2015,22099.0,4232.0
9824,177,205,180,2015,39019.0,0.0
9825,177,206,180,2015,9753071.0,8195899.0
9826,177,207,180,2015,2128085.0,2215454.0
9827,177,208,180,2015,24615534.0,13739171.0
9828,177,216,180,2015,432406.0,282320.0
9829,177,224,180,2015,49971014.0,1836800.0
9830,177,230,180,2015,34829.0,0.0
9831,177,231,180,2015,30439097.0,34824399.0
9832,177,236,180,2015,12225.0,0.0
9833,177,246,180,2015,14432917.0,336897.0
9834,177,249,180,2015,300773.0,23412025.0
9835,177,250,180,2015,49989.0,1651201.0
9836,177,59,180,2015,33524871.0,40013050.0
9837,177,124,180,2015,3453158.0,0.0
9838,177,131,180,2015,399890.0,4457371.0
9839,177,168,180,2015,7423458.0,797157.0
9840,177,243,180,2015,51498.0,0.0
9841,177,2,180,2015,59321.0,0.0
9842,177,25,180,2015,70219.0,0.0
9843,177,107,180,2015,784406.0,0.0
9844,177,110,180,2015,15847957.0,7547693.0
9845,177,115,180,2015,10291541.0,0.0
9846,177,128,180,2015,434712.0,0.0
9847,177,183,180,2015,1509043.0,0.0
9848,177,212,180,2015,37815.0,0.0
9849,177,228,180,2015,24708511.0,830602.0
9850,177,14,180,2015,6571737.0,47013.0
9851,177,73,180,2015,357142.0,1371.0
9852,177,185,180,2015,26641460.0,1073331.0
9853,177,186,180,2015,149791805.0,10566908.0
9854,177,31,180,2015,17994.0,0.0
9855,177,145,180,2015,107960.0,0.0
9856,177,226,180,2015,77239.0,0.0
9857,177,44,180,2015,162605.0,0.0
9858,177,140,180,2015,678215.0,0.0
9859,177,134,180,2015,15925777.0,190113.0
9860,177,85,180,2015,3083.0,0.0
9861,177,239,180,2015,859251.0,2238124.0
9862,177,22,180,2015,313641.0,20670.0
9863,177,159,180,2015,757024.0,0.0
9864,177,142,180,2015,141743.0,15257.0
9865,177,63,180,2015,70352.0,0.0
9866,177,72,180,2015,9174026.0,322089.0
9867,177,181,180,2015,98096.0,0.0
9868,177,191,180,2015,1897545.0,0.0
9869,177,16,180,2015,4004059.0,0.0
9870,177,80,180,2015,5827.0,0.0
9871,177,26,180,2015,570146.0,22446.0
9872,177,28,180,2015,7420741.0,928797.0
9873,177,68,180,2015,4709537.0,1254.0
9874,177,82,180,2015,2448379.0,6412.0
9875,177,100,180,2015,4663111.0,109556.0
9876,177,108,180,2015,10998599.0,0.0
9877,177,116,180,2015,731084.0,0.0
9878,177,117,180,2015,46833.0,95809.0
9879,177,132,180,2015,9773270.0,464829.0
9880,177,135,180,2015,1983975.0,0.0
9881,177,151,180,2015,356931.0,0.0
9882,177,152,180,2015,5769.0,0.0
9883,177,164,180,2015,81567.0,0.0
9884,177,167,180,2015,1556372.0,0.0
9885,177,201,180,2015,3053092.0,309400.0
9886,177,219,180,2015,93157.0,0.0
9887,177,223,180,2015,3031312.0,0.0
9888,177,232,180,2015,302343.0,0.0
9889,177,38,180,2015,2536.0,0.0
9890,177,227,180,2015,139911.0,0.0
9891,177,4,180,2015,10843.0,0.0
9892,177,144,180,2015,67508.0,0.0
9893,177,248,180,2015,2733.0,0.0
9894,177,9,180,2015,1071109.0,0.0
9895,177,66,180,2015,4027485.0,0.0
9896,177,83,180,2015,269622.0,0.0
9897,177,46,180,2015,0.0,1427.0
9898,177,141,180,2015,8374.0,1063.0
9899,177,178,180,2015,19888.0,27141.0
9900,177,109,180,2015,443451.0,1295.0
9901,177,136,180,2015,42338.0,0.0
9902,177,34,180,2015,22215.0,0.0
9903,177,45,180,2015,468630.0,0.0
9904,177,47,180,2015,31173.0,4016.0
9905,177,89,180,2015,24171.0,0.0
9906,177,92,180,2015,4004.0,0.0
9907,177,125,180,2015,1230.0,0.0
9908,177,155,180,2015,3460.0,1305.0
9909,177,156,180,2015,43221.0,0.0
9910,177,196,180,2015,0.0,6633.0
9911,177,215,180,2015,2450.0,0.0
9912,177,247,180,2015,44535.0,0.0
9913,177,21,180,2015,15071.0,0.0
9914,177,182,180,2015,12367.0,0.0
9915,177,137,180,2015,1106.0,0.0
9916,177,12,180,2015,4124.0,0.0
9917,177,210,180,2015,4405.0,0.0
9918,177,7,181,2015,1995588.0,6114475.0
9919,177,8,181,2015,139876.0,0.0
9920,177,15,181,2015,13939685.0,190992751.0
9921,177,18,181,2015,35246495.0,12281000.0
9922,177,23,181,2015,4813713.0,1820237.0
9923,177,24,181,2015,24796.0,0.0
9924,177,32,181,2015,3131091.0,23480.0
9925,177,39,181,2015,2558739.0,930167.0
9926,177,41,181,2015,3007961.0,5384784.0
9927,177,42,181,2015,253266.0,31290.0
9928,177,43,181,2015,6924315.0,243731769.0
9929,177,49,181,2015,153095.0,0.0
9930,177,52,181,2015,90512.0,0.0
9931,177,58,181,2015,40385.0,0.0
9932,177,61,181,2015,391936660.0,616310087.0
9933,177,64,181,2015,17978427.0,18109346.0
9934,177,65,181,2015,2309.0,0.0
9935,177,67,181,2015,35391.0,0.0
9936,177,71,181,2015,47323235.0,28813320.0
9937,177,74,181,2015,14748222.0,4892308.0
9938,177,77,181,2015,69600531.0,35019750.0
9939,177,81,181,2015,81875623.0,30596079.0
9940,177,90,181,2015,1907066.0,653871.0
9941,177,97,181,2015,133800.0,1196057.0
9942,177,102,181,2015,28042734.0,28271915.0
9943,177,103,181,2015,381885.0,48085.0
9944,177,104,181,2015,1175447.0,3596016.0
9945,177,106,181,2015,946181.0,1586917.0
9946,177,111,181,2015,98850337.0,122389987.0
9947,177,113,181,2015,112215.0,0.0
9948,177,114,181,2015,847903.0,2051397.0
9949,177,118,181,2015,151699.0,0.0
9950,177,121,181,2015,983761.0,12721249.0
9951,177,122,181,2015,187340.0,0.0
9952,177,130,181,2015,24548731.0,4241247.0
9953,177,138,181,2015,1979663.0,245008.0
9954,177,153,181,2015,175305.0,1666089.0
9955,177,160,181,2015,774.0,0.0
9956,177,162,181,2015,40636248.0,27400485.0
9957,177,163,181,2015,5334216.0,2486514.0
9958,177,166,181,2015,148505.0,4624.0
9959,177,169,181,2015,7736.0,0.0
9960,177,173,181,2015,28294.0,0.0
9961,177,174,181,2015,20978.0,9124.0
9962,177,179,181,2015,3737960.0,3384809.0
9963,177,188,181,2015,765184.0,931284.0
9964,177,190,181,2015,0.0,4459.0
9965,177,192,181,2015,508937.0,1207884.0
9966,177,206,181,2015,39041165.0,70494501.0
9967,177,207,181,2015,11211649.0,14224052.0
9968,177,208,181,2015,33398514.0,10754396.0
9969,177,216,181,2015,269466.0,533397.0
9970,177,222,181,2015,1168.0,0.0
9971,177,224,181,2015,12414344.0,11452617.0
9972,177,230,181,2015,6131.0,5439.0
9973,177,231,181,2015,25202750.0,10897136.0
9974,177,236,181,2015,159764.0,0.0
9975,177,246,181,2015,2966214.0,55973.0
9976,177,249,181,2015,96658.0,4446994.0
9977,177,250,181,2015,190751.0,1347722.0
9978,177,59,181,2015,80101532.0,77680527.0
9979,177,124,181,2015,239023.0,0.0
9980,177,131,181,2015,187382.0,54647.0
9981,177,168,181,2015,23478.0,20474.0
9982,177,2,181,2015,1631633.0,0.0
9983,177,25,181,2015,5063.0,0.0
9984,177,107,181,2015,14920.0,0.0
9985,177,110,181,2015,904476.0,3582822.0
9986,177,115,181,2015,1376511.0,6610.0
9987,177,128,181,2015,51018.0,1256.0
9988,177,183,181,2015,131239.0,0.0
9989,177,212,181,2015,0.0,1372.0
9990,177,228,181,2015,32962925.0,4460353.0
9991,177,14,181,2015,2154812.0,71166.0
9992,177,73,181,2015,82306.0,0.0
9993,177,185,181,2015,40569331.0,3169835.0
9994,177,186,181,2015,93033352.0,4922892.0
9995,177,31,181,2015,739.0,0.0
9996,177,145,181,2015,186762.0,0.0
9997,177,226,181,2015,8411.0,6024.0
9998,177,44,181,2015,24943.0,0.0
9999,177,140,181,2015,668555.0,1525981.0
10000,177,134,181,2015,652884.0,1333.0
10001,177,239,181,2015,1846094.0,6415643.0
10002,177,22,181,2015,52588.0,0.0
10003,177,159,181,2015,22663.0,0.0
10004,177,142,181,2015,118904.0,0.0
10005,177,72,181,2015,9304834.0,84893.0
10006,177,19,181,2015,2342.0,0.0
10007,177,191,181,2015,25868.0,0.0
10008,177,16,181,2015,578505.0,0.0
10009,177,80,181,2015,0.0,4662.0
10010,177,0,181,2015,4045.0,0.0
10011,177,26,181,2015,1000821.0,803015.0
10012,177,28,181,2015,20049922.0,609891.0
10013,177,68,181,2015,390582.0,5215.0
10014,177,82,181,2015,871852.0,111417.0
10015,177,100,181,2015,2160747.0,798180.0
10016,177,108,181,2015,6252.0,0.0
10017,177,116,181,2015,470480.0,1565.0
10018,177,117,181,2015,768911.0,0.0
10019,177,132,181,2015,11828701.0,706902.0
10020,177,135,181,2015,3902464.0,164692.0
10021,177,151,181,2015,17603.0,0.0
10022,177,164,181,2015,0.0,13216.0
10023,177,167,181,2015,352685.0,0.0
10024,177,201,181,2015,8257204.0,334716.0
10025,177,209,181,2015,0.0,2322.0
10026,177,217,181,2015,6249.0,0.0
10027,177,219,181,2015,212786.0,0.0
10028,177,223,181,2015,971570.0,0.0
10029,177,232,181,2015,104363.0,0.0
10030,177,38,181,2015,3032.0,0.0
10031,177,211,181,2015,664.0,0.0
10032,177,227,181,2015,25673.0,0.0
10033,177,4,181,2015,65879.0,0.0
10034,177,144,181,2015,150231.0,0.0
10035,177,248,181,2015,32276.0,0.0
10036,177,9,181,2015,47890.0,1082.0
10037,177,66,181,2015,303788.0,0.0
10038,177,83,181,2015,11771.0,0.0
10039,177,46,181,2015,2971.0,0.0
10040,177,141,181,2015,27893.0,0.0
10041,177,178,181,2015,4629.0,3779.0
10042,177,148,181,2015,4616.0,0.0
10043,177,109,181,2015,180381.0,0.0
10044,177,136,181,2015,11234.0,0.0
10045,177,45,181,2015,19066.0,0.0
10046,177,47,181,2015,42260.0,0.0
10047,177,84,181,2015,0.0,1275.0
10048,177,155,181,2015,56215.0,5372.0
10049,177,156,181,2015,2012.0,0.0
10050,177,247,181,2015,4399.0,0.0
10051,177,21,181,2015,4267.0,0.0
10052,177,182,181,2015,1323.0,0.0
10053,177,198,181,2015,4990.0,9792.0
10054,177,76,181,2015,0.0,2665.0
10055,177,3,181,2015,0.0,10604.0
10056,177,78,181,2015,5673.0,0.0
10057,177,12,181,2015,12437.0,0.0
10058,177,210,181,2015,2256.0,0.0
10059,177,7,184,2015,452085.0,22048.0
10060,177,8,184,2015,261668.0,0.0
10061,177,15,184,2015,5711371.0,20720664.0
10062,177,18,184,2015,17413266.0,778577.0
10063,177,23,184,2015,712464.0,8135986.0
10064,177,32,184,2015,1276699.0,5956.0
10065,177,39,184,2015,4963350.0,156176.0
10066,177,41,184,2015,61639987.0,78105163.0
10067,177,42,184,2015,2732.0,0.0
10068,177,43,184,2015,8458766.0,6399185.0
10069,177,49,184,2015,19630.0,0.0
10070,177,58,184,2015,0.0,17615.0
10071,177,61,184,2015,293532974.0,241790063.0
10072,177,64,184,2015,6769706.0,961567.0
10073,177,71,184,2015,11030573.0,2264272.0
10074,177,74,184,2015,942219.0,1991129.0
10075,177,77,184,2015,75269820.0,21278674.0
10076,177,81,184,2015,13315887.0,6300810.0
10077,177,90,184,2015,3819.0,0.0
10078,177,97,184,2015,191418.0,2827.0
10079,177,102,184,2015,71024178.0,30454654.0
10080,177,103,184,2015,0.0,54009.0
10081,177,104,184,2015,793619.0,1039829.0
10082,177,106,184,2015,3690331.0,472134.0
10083,177,111,184,2015,292963264.0,206555287.0
10084,177,114,184,2015,221605.0,20751.0
10085,177,118,184,2015,72176.0,0.0
10086,177,121,184,2015,1274586.0,62690.0
10087,177,130,184,2015,327764.0,169594.0
10088,177,138,184,2015,2548.0,444605.0
10089,177,153,184,2015,46245.0,16926.0
10090,177,162,184,2015,75269635.0,4118099.0
10091,177,163,184,2015,8594508.0,55806.0
10092,177,179,184,2015,45437.0,920531.0
10093,177,188,184,2015,534300.0,0.0
10094,177,190,184,2015,2751.0,0.0
10095,177,192,184,2015,12344.0,0.0
10096,177,206,184,2015,16918101.0,17751645.0
10097,177,207,184,2015,65337.0,4656411.0
10098,177,208,184,2015,41319408.0,3824834.0
10099,177,216,184,2015,770847.0,3036.0
10100,177,222,184,2015,138669.0,0.0
10101,177,224,184,2015,1302787.0,2963810.0
10102,177,231,184,2015,6348443.0,2963025.0
10103,177,246,184,2015,78081.0,47560.0
10104,177,249,184,2015,215452.0,11545.0
10105,177,250,184,2015,0.0,7521006.0
10106,177,59,184,2015,21837480.0,34607277.0
10107,177,131,184,2015,353326.0,9126.0
10108,177,168,184,2015,1157115.0,0.0
10109,177,2,184,2015,180968.0,0.0
10110,177,107,184,2015,26484.0,0.0
10111,177,110,184,2015,773376.0,0.0
10112,177,115,184,2015,1386775.0,1394.0
10113,177,183,184,2015,6483.0,0.0
10114,177,228,184,2015,5245529.0,1113560.0
10115,177,14,184,2015,13660709.0,84966.0
10116,177,185,184,2015,8328908.0,10375046.0
10117,177,186,184,2015,25339438.0,949399.0
10118,177,145,184,2015,97259.0,0.0
10119,177,140,184,2015,504698.0,513777.0
10120,177,134,184,2015,1339501.0,0.0
10121,177,159,184,2015,130502.0,0.0
10122,177,142,184,2015,0.0,39032.0
10123,177,237,184,2015,0.0,15784.0
10124,177,72,184,2015,381123.0,159899.0
10125,177,120,184,2015,3541.0,0.0
10126,177,16,184,2015,64649.0,0.0
10127,177,80,184,2015,6026.0,0.0
10128,177,26,184,2015,105941.0,0.0
10129,177,28,184,2015,22028208.0,9896161.0
10130,177,68,184,2015,704337.0,0.0
10131,177,82,184,2015,92111.0,0.0
10132,177,100,184,2015,473479.0,343671.0
10133,177,116,184,2015,1733.0,0.0
10134,177,132,184,2015,7264160.0,424104.0
10135,177,135,184,2015,107618.0,0.0
10136,177,201,184,2015,293324.0,1510996.0
10137,177,223,184,2015,6037.0,0.0
10138,177,232,184,2015,23627.0,1044.0
10139,177,227,184,2015,5560.0,0.0
10140,177,4,184,2015,824.0,0.0
10141,177,66,184,2015,25511.0,0.0
10142,177,83,184,2015,0.0,5464.0
10143,177,46,184,2015,136881.0,0.0
10144,177,109,184,2015,0.0,107046.0
10145,177,45,184,2015,25226.0,0.0
10146,177,47,184,2015,29966.0,835458.0
10147,177,126,184,2015,6867.0,0.0
10148,177,196,184,2015,3630.0,0.0
10149,177,21,184,2015,2586.0,0.0
10150,177,182,184,2015,152.0,0.0
10151,177,50,184,2015,6274.0,0.0
10152,177,78,184,2015,38661.0,0.0
10153,177,7,186,2015,734446.0,713539.0
10154,177,8,186,2015,7168.0,0.0
10155,177,15,186,2015,4722634.0,11633287.0
10156,177,18,186,2015,1348578.0,1054037.0
10157,177,23,186,2015,10778.0,438921.0
10158,177,32,186,2015,665775.0,63250779.0
10159,177,39,186,2015,54170614.0,10406114.0
10160,177,41,186,2015,5554599.0,14023428.0
10161,177,42,186,2015,256771.0,0.0
10162,177,43,186,2015,9122655.0,4037134.0
10163,177,49,186,2015,12232.0,0.0
10164,177,58,186,2015,1238850.0,103098.0
10165,177,61,186,2015,18211211.0,97418060.0
10166,177,64,186,2015,31098.0,231580.0
10167,177,67,186,2015,69181.0,0.0
10168,177,71,186,2015,30204811.0,9656735.0
10169,177,74,186,2015,25737.0,0.0
10170,177,77,186,2015,33021888.0,78197663.0
10171,177,81,186,2015,56779999.0,27887281.0
10172,177,90,186,2015,10776.0,0.0
10173,177,96,186,2015,12699.0,0.0
10174,177,97,186,2015,361936.0,22649.0
10175,177,102,186,2015,89038.0,247850.0
10176,177,103,186,2015,46625.0,2548.0
10177,177,104,186,2015,2447330.0,2667316.0
10178,177,106,186,2015,21672.0,31686.0
10179,177,111,186,2015,56205855.0,17034701.0
10180,177,113,186,2015,6702745.0,389912.0
10181,177,114,186,2015,190451.0,815809.0
10182,177,121,186,2015,6372860.0,34276.0
10183,177,130,186,2015,131567.0,726839.0
10184,177,138,186,2015,32020014.0,18835.0
10185,177,153,186,2015,10807.0,49288.0
10186,177,162,186,2015,20658144.0,6007482.0
10187,177,163,186,2015,1879279.0,15184725.0
10188,177,166,186,2015,950113.0,1069.0
10189,177,174,186,2015,262153.0,126033.0
10190,177,179,186,2015,9551.0,24324.0
10191,177,188,186,2015,15016.0,68377.0
10192,177,192,186,2015,2555319.0,5234601.0
10193,177,206,186,2015,6855406.0,5143415.0
10194,177,207,186,2015,2115.0,744824.0
10195,177,208,186,2015,1749.0,186637.0
10196,177,216,186,2015,107298.0,4003888.0
10197,177,224,186,2015,173630.0,778226.0
10198,177,230,186,2015,944265.0,0.0
10199,177,231,186,2015,175639558.0,190452156.0
10200,177,236,186,2015,3546.0,0.0
10201,177,246,186,2015,59473.0,67362.0
10202,177,249,186,2015,53988.0,127851.0
10203,177,250,186,2015,0.0,1325371.0
10204,177,59,186,2015,3010417.0,4735037.0
10205,177,124,186,2015,3974.0,491810.0
10206,177,131,186,2015,4038.0,1409.0
10207,177,168,186,2015,13072.0,0.0
10208,177,107,186,2015,88211.0,0.0
10209,177,110,186,2015,200635.0,283490.0
10210,177,115,186,2015,0.0,90011.0
10211,177,128,186,2015,0.0,958.0
10212,177,183,186,2015,26944.0,20838.0
10213,177,228,186,2015,102029488.0,1163442.0
10214,177,14,186,2015,78710999.0,3296099.0
10215,177,54,186,2015,1298729.0,0.0
10216,177,73,186,2015,21259.0,0.0
10217,177,185,186,2015,533834.0,119752.0
10218,177,186,186,2015,19001865.0,17021108.0
10219,177,44,186,2015,1111954.0,0.0
10220,177,134,186,2015,52120.0,134967.0
10221,177,239,186,2015,732698.0,132298.0
10222,177,22,186,2015,199942.0,0.0
10223,177,142,186,2015,1749.0,3214.0
10224,177,72,186,2015,4065.0,270878.0
10225,177,16,186,2015,10910.0,0.0
10226,177,26,186,2015,1435.0,0.0
10227,177,28,186,2015,44373.0,0.0
10228,177,82,186,2015,663745.0,0.0
10229,177,100,186,2015,1803.0,0.0
10230,177,132,186,2015,11355.0,111773.0
10231,177,164,186,2015,196642.0,0.0
10232,177,167,186,2015,240474.0,596067.0
10233,177,201,186,2015,62646.0,0.0
10234,177,223,186,2015,0.0,100811.0
10235,177,227,186,2015,8575004.0,1651.0
10236,177,144,186,2015,0.0,568349.0
10237,177,66,186,2015,463616.0,0.0
10238,177,109,186,2015,68801.0,56117.0
10239,177,45,186,2015,7322.0,0.0
10240,177,21,186,2015,48369482.0,0.0
10241,177,137,186,2015,1334.0,0.0
10242,177,95,186,2015,906518.0,0.0
10243,177,202,186,2015,3276.0,0.0
10244,177,7,189,2015,191383.0,69700.0
10245,177,8,189,2015,1698.0,0.0
10246,177,15,189,2015,4117337.0,6256334.0
10247,177,18,189,2015,386178.0,2353336.0
10248,177,23,189,2015,164041.0,109841.0
10249,177,24,189,2015,706.0,0.0
10250,177,33,189,2015,5760.0,0.0
10251,177,39,189,2015,41420.0,30788.0
10252,177,41,189,2015,3153599.0,49471145.0
10253,177,42,189,2015,11339.0,0.0
10254,177,43,189,2015,41677.0,16651346.0
10255,177,49,189,2015,7475.0,0.0
10256,177,52,189,2015,895.0,0.0
10257,177,58,189,2015,12068.0,4560.0
10258,177,61,189,2015,30684003.0,64685586.0
10259,177,64,189,2015,428968.0,584616.0
10260,177,65,189,2015,537.0,0.0
10261,177,67,189,2015,11980.0,0.0
10262,177,71,189,2015,1937658.0,2444436.0
10263,177,74,189,2015,76639.0,116932.0
10264,177,77,189,2015,1423254.0,14076079.0
10265,177,81,189,2015,6096850.0,3644087.0
10266,177,90,189,2015,348250.0,16533.0
10267,177,97,189,2015,1812545.0,5209219.0
10268,177,102,189,2015,1539306.0,1705895.0
10269,177,103,189,2015,4106.0,53927.0
10270,177,104,189,2015,5052.0,112251.0
10271,177,106,189,2015,256037.0,32053.0
10272,177,111,189,2015,3469937.0,12265471.0
10273,177,113,189,2015,22359.0,0.0
10274,177,114,189,2015,576856.0,531371.0
10275,177,121,189,2015,86574.0,93353.0
10276,177,122,189,2015,5039.0,0.0
10277,177,130,189,2015,571214.0,567923.0
10278,177,138,189,2015,23227.0,0.0
10279,177,153,189,2015,55570.0,11618.0
10280,177,162,189,2015,1789754.0,3530877.0
10281,177,163,189,2015,126472.0,35549.0
10282,177,166,189,2015,34316.0,0.0
10283,177,174,189,2015,3674.0,1688670.0
10284,177,179,189,2015,176939.0,417675.0
10285,177,188,189,2015,573457.0,0.0
10286,177,192,189,2015,43651.0,396841.0
10287,177,206,189,2015,671771.0,1489333.0
10288,177,207,189,2015,136639.0,173546.0
10289,177,208,189,2015,377012.0,1768704.0
10290,177,216,189,2015,19861.0,1283050.0
10291,177,224,189,2015,2301163.0,245051.0
10292,177,231,189,2015,1543804.0,1388525.0
10293,177,246,189,2015,14023.0,0.0
10294,177,249,189,2015,8316.0,733611.0
10295,177,250,189,2015,1336429.0,371619.0
10296,177,59,189,2015,2028864.0,4392630.0
10297,177,124,189,2015,21170.0,0.0
10298,177,131,189,2015,99721.0,227210.0
10299,177,168,189,2015,0.0,965.0
10300,177,2,189,2015,1367.0,0.0
10301,177,107,189,2015,314623.0,0.0
10302,177,110,189,2015,4409.0,114409.0
10303,177,115,189,2015,57998.0,0.0
10304,177,183,189,2015,9365.0,0.0
10305,177,228,189,2015,233215.0,3764.0
10306,177,14,189,2015,45847.0,19019.0
10307,177,54,189,2015,11210.0,0.0
10308,177,185,189,2015,1227318.0,91710.0
10309,177,186,189,2015,443454.0,32269.0
10310,177,140,189,2015,6575.0,0.0
10311,177,134,189,2015,2846.0,0.0
10312,177,239,189,2015,71485.0,6118.0
10313,177,142,189,2015,7094.0,0.0
10314,177,72,189,2015,211647.0,103839.0
10315,177,16,189,2015,23177.0,0.0
10316,177,26,189,2015,37300.0,0.0
10317,177,28,189,2015,406929.0,1322231.0
10318,177,68,189,2015,118132.0,0.0
10319,177,82,189,2015,64432.0,0.0
10320,177,100,189,2015,129011.0,85882.0
10321,177,116,189,2015,1539.0,0.0
10322,177,132,189,2015,1062282.0,778899.0
10323,177,135,189,2015,2439.0,0.0
10324,177,151,189,2015,1828.0,0.0
10325,177,167,189,2015,20558.0,0.0
10326,177,201,189,2015,71545.0,0.0
10327,177,223,189,2015,58829.0,31007.0
10328,177,227,189,2015,2114.0,0.0
10329,177,4,189,2015,2779.0,0.0
10330,177,144,189,2015,5723.0,0.0
10331,177,9,189,2015,3196.0,0.0
10332,177,66,189,2015,7130.0,0.0
10333,177,109,189,2015,0.0,4394.0
10334,177,136,189,2015,0.0,1283.0
10335,177,133,189,2015,1794.0,0.0
10336,177,7,190,2015,21733.0,0.0
10337,177,8,190,2015,0.0,16475.0
10338,177,15,190,2015,1251073.0,639749.0
10339,177,18,190,2015,384533.0,169231.0
10340,177,23,190,2015,9893.0,8301.0
10341,177,32,190,2015,1726.0,11836.0
10342,177,39,190,2015,221580.0,180242.0
10343,177,41,190,2015,829421.0,93268.0
10344,177,42,190,2015,34357.0,0.0
10345,177,43,190,2015,156642.0,5390642.0
10346,177,58,190,2015,6788.0,0.0
10347,177,61,190,2015,13470215.0,26811546.0
10348,177,64,190,2015,283842.0,471253.0
10349,177,67,190,2015,3087.0,0.0
10350,177,71,190,2015,465944.0,856086.0
10351,177,74,190,2015,71163.0,2166.0
10352,177,77,190,2015,1972490.0,3152261.0
10353,177,81,190,2015,1947688.0,3058498.0
10354,177,90,190,2015,7540.0,2651.0
10355,177,97,190,2015,37490.0,364117.0
10356,177,102,190,2015,32402.0,1541395.0
10357,177,103,190,2015,0.0,1380018.0
10358,177,104,190,2015,1927.0,50359.0
10359,177,106,190,2015,56403.0,9983.0
10360,177,111,190,2015,442639.0,1478750.0
10361,177,114,190,2015,504606.0,751000.0
10362,177,121,190,2015,38270.0,330995.0
10363,177,122,190,2015,0.0,1652.0
10364,177,130,190,2015,551986.0,163094.0
10365,177,138,190,2015,0.0,152876.0
10366,177,153,190,2015,16419.0,54991.0
10367,177,162,190,2015,676335.0,4902750.0
10368,177,163,190,2015,308913.0,10586.0
10369,177,166,190,2015,4742.0,861.0
10370,177,173,190,2015,0.0,5024.0
10371,177,179,190,2015,241278.0,48160.0
10372,177,188,190,2015,0.0,1965.0
10373,177,192,190,2015,26392.0,3225.0
10374,177,206,190,2015,414034.0,1005292.0
10375,177,207,190,2015,45882.0,231337.0
10376,177,208,190,2015,237056.0,556232.0
10377,177,216,190,2015,53619.0,40567.0
10378,177,224,190,2015,6771.0,123661.0
10379,177,231,190,2015,1681322.0,2303943.0
10380,177,246,190,2015,59167.0,0.0
10381,177,249,190,2015,33504.0,333789.0
10382,177,250,190,2015,3095.0,169956.0
10383,177,59,190,2015,513649.0,751792.0
10384,177,131,190,2015,69595.0,11039.0
10385,177,168,190,2015,0.0,4082.0
10386,177,107,190,2015,0.0,4172.0
10387,177,110,190,2015,3083.0,4434.0
10388,177,183,190,2015,8042.0,0.0
10389,177,228,190,2015,76611.0,0.0
10390,177,14,190,2015,67533.0,2324.0
10391,177,185,190,2015,135505.0,31950.0
10392,177,186,190,2015,327218.0,22935.0
10393,177,239,190,2015,56148.0,102155.0
10394,177,159,190,2015,77274.0,0.0
10395,177,142,190,2015,2552.0,0.0
10396,177,72,190,2015,18766.0,48604.0
10397,177,16,190,2015,151534.0,0.0
10398,177,26,190,2015,1144.0,0.0
10399,177,28,190,2015,9269.0,7094.0
10400,177,100,190,2015,33058.0,0.0
10401,177,117,190,2015,0.0,7855.0
10402,177,132,190,2015,669983.0,4004.0
10403,177,164,190,2015,0.0,934.0
10404,177,201,190,2015,11224.0,2640.0
10405,177,232,190,2015,1028.0,0.0
10406,177,141,190,2015,0.0,3515.0
10407,177,109,190,2015,1411.0,0.0
10408,177,133,190,2015,0.0,58773.0
10409,177,7,193,2015,2342584.0,450018.0
10410,177,8,193,2015,112724.0,3939.0
10411,177,15,193,2015,21590080.0,20206422.0
10412,177,18,193,2015,46457769.0,10432619.0
10413,177,23,193,2015,1756234.0,9884036.0
10414,177,24,193,2015,19943.0,0.0
10415,177,32,193,2015,155083.0,53887.0
10416,177,33,193,2015,4049.0,0.0
10417,177,39,193,2015,2083348.0,199598.0
10418,177,41,193,2015,4281673.0,1070840.0
10419,177,42,193,2015,196813.0,0.0
10420,177,43,193,2015,2898584.0,275477322.0
10421,177,49,193,2015,66734.0,0.0
10422,177,52,193,2015,14538.0,6326.0
10423,177,58,193,2015,1908688.0,299909.0
10424,177,61,193,2015,445997791.0,573166493.0
10425,177,64,193,2015,11607450.0,13437857.0
10426,177,65,193,2015,40341.0,0.0
10427,177,67,193,2015,403371.0,8086.0
10428,177,71,193,2015,29397095.0,16175329.0
10429,177,74,193,2015,3339993.0,1248137.0
10430,177,77,193,2015,71198396.0,47801057.0
10431,177,81,193,2015,81249527.0,43639810.0
10432,177,90,193,2015,3243018.0,640742.0
10433,177,93,193,2015,1295.0,0.0
10434,177,96,193,2015,1040.0,0.0
10435,177,97,193,2015,1460481.0,11681972.0
10436,177,99,193,2015,3192.0,0.0
10437,177,102,193,2015,27159328.0,37058641.0
10438,177,103,193,2015,17598.0,2624344.0
10439,177,104,193,2015,1015219.0,7450454.0
10440,177,106,193,2015,1700409.0,3423309.0
10441,177,111,193,2015,30119587.0,32484971.0
10442,177,113,193,2015,59393.0,0.0
10443,177,114,193,2015,1394305.0,10902298.0
10444,177,118,193,2015,22900.0,5134.0
10445,177,121,193,2015,1864018.0,1290861.0
10446,177,122,193,2015,564865.0,0.0
10447,177,130,193,2015,8819917.0,1993867.0
10448,177,138,193,2015,18991665.0,136966.0
10449,177,153,193,2015,559081.0,745522.0
10450,177,162,193,2015,31154571.0,63218709.0
10451,177,163,193,2015,3647554.0,286640.0
10452,177,166,193,2015,291709.0,19144.0
10453,177,169,193,2015,12871.0,55760.0
10454,177,173,193,2015,23633.0,0.0
10455,177,174,193,2015,76301.0,218108.0
10456,177,179,193,2015,1179017.0,593556.0
10457,177,180,193,2015,422843.0,0.0
10458,177,188,193,2015,825930.0,0.0
10459,177,190,193,2015,6114.0,0.0
10460,177,192,193,2015,1197138.0,6266549.0
10461,177,197,193,2015,246.0,0.0
10462,177,205,193,2015,99980.0,0.0
10463,177,206,193,2015,21373275.0,34104268.0
10464,177,207,193,2015,1435347.0,615885.0
10465,177,208,193,2015,23147989.0,3916050.0
10466,177,216,193,2015,246494.0,2016473.0
10467,177,222,193,2015,455.0,0.0
10468,177,224,193,2015,1241719.0,681474.0
10469,177,230,193,2015,9128.0,0.0
10470,177,231,193,2015,27091529.0,13669648.0
10471,177,236,193,2015,51526.0,1849.0
10472,177,246,193,2015,277264.0,367445.0
10473,177,249,193,2015,303499.0,8680747.0
10474,177,250,193,2015,538316.0,367689.0
10475,177,59,193,2015,76406564.0,186306439.0
10476,177,124,193,2015,179611.0,0.0
10477,177,127,193,2015,1704.0,0.0
10478,177,131,193,2015,1884022.0,643101.0
10479,177,168,193,2015,195657.0,1300323.0
10480,177,2,193,2015,9162.0,0.0
10481,177,107,193,2015,62828.0,0.0
10482,177,110,193,2015,1145169.0,521207.0
10483,177,115,193,2015,274254.0,0.0
10484,177,128,193,2015,1948.0,643255.0
10485,177,183,193,2015,161498.0,0.0
10486,177,212,193,2015,91427.0,0.0
10487,177,228,193,2015,9188824.0,3781592.0
10488,177,13,193,2015,6494.0,0.0
10489,177,14,193,2015,2201924.0,416979.0
10490,177,185,193,2015,13040104.0,6102633.0
10491,177,186,193,2015,23790252.0,1471895.0
10492,177,31,193,2015,897.0,0.0
10493,177,145,193,2015,25363.0,0.0
10494,177,226,193,2015,12959.0,0.0
10495,177,44,193,2015,41627.0,0.0
10496,177,140,193,2015,1275370.0,1277887.0
10497,177,134,193,2015,180647.0,4361.0
10498,177,239,193,2015,211772.0,4334959.0
10499,177,22,193,2015,1258.0,628349.0
10500,177,159,193,2015,65231.0,0.0
10501,177,142,193,2015,220970.0,167481.0
10502,177,72,193,2015,4309232.0,1078771.0
10503,177,181,193,2015,1731.0,5442.0
10504,177,191,193,2015,1119.0,0.0
10505,177,16,193,2015,172971.0,0.0
10506,177,0,193,2015,3891.0,0.0
10507,177,26,193,2015,977539.0,27047.0
10508,177,28,193,2015,2951430.0,438444.0
10509,177,68,193,2015,237254.0,7671.0
10510,177,82,193,2015,386426.0,1321.0
10511,177,100,193,2015,2411436.0,137525.0
10512,177,108,193,2015,3866.0,0.0
10513,177,116,193,2015,19295.0,1661.0
10514,177,117,193,2015,77992.0,0.0
10515,177,132,193,2015,15336644.0,2287276.0
10516,177,135,193,2015,286789.0,41332.0
10517,177,147,193,2015,4002.0,0.0
10518,177,151,193,2015,26902.0,219950.0
10519,177,167,193,2015,372597.0,0.0
10520,177,201,193,2015,3160551.0,162362.0
10521,177,217,193,2015,2330.0,0.0
10522,177,219,193,2015,11946.0,0.0
10523,177,223,193,2015,43331.0,307629.0
10524,177,232,193,2015,12816.0,0.0
10525,177,211,193,2015,1565.0,0.0
10526,177,227,193,2015,1075.0,0.0
10527,177,4,193,2015,11587.0,0.0
10528,177,144,193,2015,375640.0,0.0
10529,177,9,193,2015,36051.0,0.0
10530,177,66,193,2015,27691.0,0.0
10531,177,17,193,2015,1740.0,0.0
10532,177,83,193,2015,4128.0,0.0
10533,177,46,193,2015,18722.0,0.0
10534,177,109,193,2015,122125.0,0.0
10535,177,136,193,2015,0.0,27114.0
10536,177,45,193,2015,1048.0,14554.0
10537,177,51,193,2015,8278.0,0.0
10538,177,84,193,2015,7918.0,0.0
10539,177,92,193,2015,2960.0,0.0
10540,177,155,193,2015,4345.0,0.0
10541,177,156,193,2015,13680.0,0.0
10542,177,215,193,2015,3209.0,0.0
10543,177,5,193,2015,33524.0,0.0
10544,177,57,193,2015,2429.0,0.0
10545,177,240,193,2015,0.0,1158.0
10546,177,182,193,2015,3661.0,0.0
10547,177,198,193,2015,6869.0,0.0
10548,177,78,193,2015,4510.0,0.0
10549,177,137,193,2015,2483.0,0.0
10550,177,12,193,2015,1298.0,0.0
10551,177,7,194,2015,921239.0,118878.0
10552,177,8,194,2015,5329.0,5532.0
10553,177,15,194,2015,5803765.0,4517695.0
10554,177,18,194,2015,8820966.0,12352296.0
10555,177,23,194,2015,1878601.0,253136.0
10556,177,24,194,2015,16298.0,0.0
10557,177,32,194,2015,228513.0,32352.0
10558,177,39,194,2015,129527.0,156093.0
10559,177,41,194,2015,1446707.0,5095021.0
10560,177,42,194,2015,34967.0,0.0
10561,177,43,194,2015,794378.0,107112149.0
10562,177,49,194,2015,23828.0,4170.0
10563,177,52,194,2015,55364.0,0.0
10564,177,58,194,2015,63512.0,10708.0
10565,177,61,194,2015,83232155.0,134866874.0
10566,177,64,194,2015,7545772.0,3080617.0
10567,177,65,194,2015,19624.0,5621.0
10568,177,67,194,2015,1968.0,11067.0
10569,177,71,194,2015,3397829.0,6019783.0
10570,177,74,194,2015,3618679.0,72021.0
10571,177,77,194,2015,7245948.0,28108530.0
10572,177,81,194,2015,8703466.0,20276489.0
10573,177,90,194,2015,539370.0,216782.0
10574,177,93,194,2015,37493.0,0.0
10575,177,97,194,2015,950611.0,711854.0
10576,177,99,194,2015,1661.0,0.0
10577,177,102,194,2015,6030862.0,1817343.0
10578,177,103,194,2015,10410.0,1713843.0
10579,177,104,194,2015,194530.0,2969977.0
10580,177,106,194,2015,2184675.0,64949.0
10581,177,111,194,2015,8907120.0,47533039.0
10582,177,113,194,2015,33490.0,8456.0
10583,177,114,194,2015,168135.0,8631869.0
10584,177,118,194,2015,28013.0,9328.0
10585,177,121,194,2015,22694.0,1943001.0
10586,177,122,194,2015,323869.0,853.0
10587,177,130,194,2015,6721555.0,2944528.0
10588,177,138,194,2015,84624.0,1038631.0
10589,177,153,194,2015,136856.0,735398.0
10590,177,162,194,2015,23784131.0,17909641.0
10591,177,163,194,2015,1011679.0,111075.0
10592,177,166,194,2015,194053.0,0.0
10593,177,169,194,2015,24025.0,0.0
10594,177,173,194,2015,15892.0,5464.0
10595,177,174,194,2015,17859.0,91338.0
10596,177,179,194,2015,834594.0,1170827.0
10597,177,188,194,2015,924608.0,0.0
10598,177,192,194,2015,150618.0,34725.0
10599,177,205,194,2015,11578.0,0.0
10600,177,206,194,2015,4007449.0,7857546.0
10601,177,207,194,2015,627294.0,394941.0
10602,177,208,194,2015,7441741.0,2131834.0
10603,177,216,194,2015,152690.0,581528.0
10604,177,222,194,2015,3559.0,0.0
10605,177,224,194,2015,2346424.0,1808850.0
10606,177,231,194,2015,1163926.0,2956803.0
10607,177,246,194,2015,439682.0,12255.0
10608,177,249,194,2015,190933.0,2083652.0
10609,177,250,194,2015,238613.0,225829.0
10610,177,29,194,2015,1328.0,0.0
10611,177,59,194,2015,9356347.0,13692588.0
10612,177,124,194,2015,111292.0,0.0
10613,177,131,194,2015,494355.0,398106.0
10614,177,168,194,2015,22041.0,42378.0
10615,177,2,194,2015,10571.0,0.0
10616,177,25,194,2015,8499.0,0.0
10617,177,107,194,2015,15479.0,13652.0
10618,177,110,194,2015,554343.0,55142.0
10619,177,115,194,2015,2128252.0,0.0
10620,177,128,194,2015,0.0,8747.0
10621,177,183,194,2015,109118.0,0.0
10622,177,228,194,2015,7613679.0,120644.0
10623,177,14,194,2015,823199.0,214192.0
10624,177,73,194,2015,9033.0,0.0
10625,177,185,194,2015,8561803.0,538180.0
10626,177,186,194,2015,17900437.0,232786.0
10627,177,145,194,2015,160250.0,0.0
10628,177,226,194,2015,6599.0,0.0
10629,177,44,194,2015,7365.0,0.0
10630,177,140,194,2015,129664.0,0.0
10631,177,134,194,2015,328687.0,0.0
10632,177,239,194,2015,25493.0,3491539.0
10633,177,22,194,2015,22238.0,7312.0
10634,177,159,194,2015,49885.0,3859.0
10635,177,142,194,2015,74836.0,998.0
10636,177,63,194,2015,10633.0,0.0
10637,177,72,194,2015,3768758.0,447687.0
10638,177,181,194,2015,700.0,0.0
10639,177,191,194,2015,4659.0,0.0
10640,177,16,194,2015,810552.0,0.0
10641,177,80,194,2015,8994.0,0.0
10642,177,26,194,2015,573767.0,4946.0
10643,177,28,194,2015,3947571.0,3294.0
10644,177,68,194,2015,83385.0,52147.0
10645,177,82,194,2015,527330.0,4262.0
10646,177,100,194,2015,1103117.0,434394.0
10647,177,108,194,2015,85443.0,0.0
10648,177,116,194,2015,24211.0,0.0
10649,177,117,194,2015,60643.0,0.0
10650,177,132,194,2015,3926651.0,212173.0
10651,177,135,194,2015,1319601.0,37527.0
10652,177,151,194,2015,7710.0,0.0
10653,177,167,194,2015,37762.0,0.0
10654,177,201,194,2015,926090.0,230045.0
10655,177,217,194,2015,1625.0,4235.0
10656,177,219,194,2015,21691.0,0.0
10657,177,223,194,2015,158493.0,42323.0
10658,177,232,194,2015,37925.0,0.0
10659,177,4,194,2015,66373.0,8003.0
10660,177,144,194,2015,42124.0,6074.0
10661,177,9,194,2015,161234.0,1570.0
10662,177,66,194,2015,161272.0,0.0
10663,177,46,194,2015,6062.0,0.0
10664,177,109,194,2015,59250.0,0.0
10665,177,136,194,2015,0.0,66338.0
10666,177,45,194,2015,17917.0,0.0
10667,177,47,194,2015,3153.0,0.0
10668,177,126,194,2015,15434.0,0.0
10669,177,133,194,2015,0.0,1523.0
10670,177,156,194,2015,841.0,0.0
10671,177,247,194,2015,1039.0,0.0
10672,177,5,194,2015,2335.0,0.0
10673,177,21,194,2015,23034.0,0.0
10674,177,182,194,2015,162.0,0.0
10675,177,198,194,2015,0.0,94722.0
10676,177,137,194,2015,1951.0,0.0
10677,177,7,195,2015,78480.0,39984.0
10678,177,8,195,2015,0.0,3481.0
10679,177,15,195,2015,114516.0,237557.0
10680,177,18,195,2015,14248.0,31779.0
10681,177,32,195,2015,1896164.0,1182.0
10682,177,39,195,2015,581366.0,52242.0
10683,177,41,195,2015,2744927.0,593319.0
10684,177,42,195,2015,1295.0,0.0
10685,177,43,195,2015,145442.0,717241.0
10686,177,49,195,2015,0.0,1012.0
10687,177,61,195,2015,1680589.0,6480776.0
10688,177,64,195,2015,7429.0,190391.0
10689,177,65,195,2015,746.0,0.0
10690,177,71,195,2015,1409038.0,277148.0
10691,177,77,195,2015,165480.0,208327.0
10692,177,81,195,2015,149881.0,1056642.0
10693,177,90,195,2015,1008.0,56681.0
10694,177,97,195,2015,323348.0,33332.0
10695,177,102,195,2015,6390.0,133861.0
10696,177,103,195,2015,0.0,2956.0
10697,177,104,195,2015,11191.0,62612.0
10698,177,106,195,2015,2118.0,3513.0
10699,177,111,195,2015,118203.0,820586.0
10700,177,114,195,2015,190968.0,59702.0
10701,177,121,195,2015,24318.0,4380.0
10702,177,122,195,2015,5138.0,0.0
10703,177,130,195,2015,3520.0,46292.0
10704,177,138,195,2015,0.0,10797.0
10705,177,153,195,2015,1195.0,0.0
10706,177,162,195,2015,268072.0,208307.0
10707,177,163,195,2015,165903.0,170166.0
10708,177,166,195,2015,2731.0,3555.0
10709,177,173,195,2015,0.0,689.0
10710,177,179,195,2015,0.0,42058.0
10711,177,192,195,2015,95383.0,0.0
10712,177,206,195,2015,20314.0,7064.0
10713,177,207,195,2015,1602.0,0.0
10714,177,208,195,2015,0.0,2190368.0
10715,177,216,195,2015,17918.0,6981.0
10716,177,224,195,2015,30875.0,85962.0
10717,177,230,195,2015,6562.0,1612.0
10718,177,231,195,2015,37918522.0,9189473.0
10719,177,246,195,2015,0.0,36833.0
10720,177,249,195,2015,20151.0,53408.0
10721,177,250,195,2015,0.0,3153871.0
10722,177,59,195,2015,17450.0,36797.0
10723,177,124,195,2015,238299.0,0.0
10724,177,131,195,2015,5247.0,0.0
10725,177,168,195,2015,1985.0,0.0
10726,177,107,195,2015,1865.0,0.0
10727,177,110,195,2015,27536.0,103377.0
10728,177,115,195,2015,0.0,1231.0
10729,177,183,195,2015,0.0,19268.0
10730,177,228,195,2015,63040.0,22949.0
10731,177,14,195,2015,27126.0,66587.0
10732,177,73,195,2015,0.0,3889.0
10733,177,185,195,2015,6799.0,0.0
10734,177,186,195,2015,1077334.0,582142.0
10735,177,226,195,2015,0.0,4360.0
10736,177,140,195,2015,0.0,1725.0
10737,177,134,195,2015,0.0,1496.0
10738,177,239,195,2015,0.0,34254.0
10739,177,72,195,2015,550364.0,0.0
10740,177,16,195,2015,23697.0,0.0
10741,177,28,195,2015,6162.0,165767.0
10742,177,68,195,2015,0.0,14528.0
10743,177,82,195,2015,21292.0,8091.0
10744,177,117,195,2015,1277.0,2305.0
10745,177,132,195,2015,25476.0,0.0
10746,177,151,195,2015,1022.0,0.0
10747,177,164,195,2015,0.0,25520.0
10748,177,187,195,2015,0.0,5861.0
10749,177,201,195,2015,0.0,1218.0
10750,177,211,195,2015,904.0,0.0
10751,177,248,195,2015,0.0,1150.0
10752,177,9,195,2015,284532.0,0.0
10753,177,109,195,2015,0.0,1689.0
10754,177,133,195,2015,29894.0,0.0
10755,177,155,195,2015,0.0,28191.0
10756,177,7,105,2015,7182.0,0.0
10757,177,8,105,2015,0.0,10239.0
10758,177,15,105,2015,3116496.0,106795.0
10759,177,18,105,2015,443406.0,3617609.0
10760,177,23,105,2015,90155.0,214815.0
10761,177,24,105,2015,1090.0,0.0
10762,177,39,105,2015,55148.0,0.0
10763,177,41,105,2015,2457970.0,0.0
10764,177,42,105,2015,3746.0,0.0
10765,177,43,105,2015,381652.0,393216.0
10766,177,49,105,2015,0.0,2156662.0
10767,177,52,105,2015,11188.0,150403.0
10768,177,58,105,2015,1573536.0,0.0
10769,177,61,105,2015,24777559.0,37139403.0
10770,177,64,105,2015,7213688.0,14470572.0
10771,177,67,105,2015,0.0,671816.0
10772,177,71,105,2015,1296927.0,1188234.0
10773,177,74,105,2015,469579.0,1502939.0
10774,177,77,105,2015,1731816.0,6077769.0
10775,177,81,105,2015,4216669.0,1203462.0
10776,177,90,105,2015,2707495.0,34823.0
10777,177,93,105,2015,7014.0,47864.0
10778,177,99,105,2015,0.0,97504.0
10779,177,102,105,2015,242089.0,1531725.0
10780,177,103,105,2015,0.0,79353.0
10781,177,104,105,2015,11260.0,1220308.0
10782,177,106,105,2015,65784.0,128006.0
10783,177,111,105,2015,10226648.0,11963688.0
10784,177,114,105,2015,22830.0,22495.0
10785,177,121,105,2015,32830.0,113170.0
10786,177,122,105,2015,2475.0,0.0
10787,177,130,105,2015,2121648.0,166104.0
10788,177,138,105,2015,9506.0,14339.0
10789,177,162,105,2015,18304852.0,273694276.0
10790,177,163,105,2015,1245095.0,74920.0
10791,177,166,105,2015,1070.0,32349.0
10792,177,174,105,2015,0.0,827.0
10793,177,179,105,2015,253755.0,453301.0
10794,177,192,105,2015,9882.0,183730.0
10795,177,206,105,2015,662280.0,272951.0
10796,177,207,105,2015,63164.0,265721.0
10797,177,208,105,2015,985966.0,56969.0
10798,177,216,105,2015,0.0,252357.0
10799,177,224,105,2015,339819.0,515732.0
10800,177,231,105,2015,722352.0,118102.0
10801,177,246,105,2015,13330.0,91775.0
10802,177,249,105,2015,0.0,158517.0
10803,177,250,105,2015,1466.0,276366.0
10804,177,59,105,2015,2060740.0,824774.0
10805,177,124,105,2015,3029.0,0.0
10806,177,131,105,2015,5458.0,0.0
10807,177,110,105,2015,6182.0,586419.0
10808,177,115,105,2015,977329.0,0.0
10809,177,128,105,2015,0.0,58229.0
10810,177,183,105,2015,12359.0,0.0
10811,177,228,105,2015,1917338.0,643370.0
10812,177,14,105,2015,94428.0,0.0
10813,177,73,105,2015,0.0,1828.0
10814,177,185,105,2015,434673.0,0.0
10815,177,186,105,2015,31808701.0,0.0
10816,177,140,105,2015,67358.0,694390.0
10817,177,134,105,2015,629363.0,0.0
10818,177,239,105,2015,0.0,17150.0
10819,177,159,105,2015,0.0,27176.0
10820,177,142,105,2015,3945.0,0.0
10821,177,72,105,2015,306606.0,9868.0
10822,177,16,105,2015,49028.0,0.0
10823,177,26,105,2015,415926.0,14391.0
10824,177,28,105,2015,7643792.0,61322.0
10825,177,68,105,2015,0.0,37621.0
10826,177,82,105,2015,163798.0,36478.0
10827,177,100,105,2015,115541.0,0.0
10828,177,116,105,2015,0.0,963327.0
10829,177,117,105,2015,113012.0,0.0
10830,177,132,105,2015,3598794.0,3789.0
10831,177,135,105,2015,375052.0,0.0
10832,177,167,105,2015,3806.0,0.0
10833,177,201,105,2015,975766.0,539714.0
10834,177,219,105,2015,53144.0,0.0
10835,177,223,105,2015,61261.0,0.0
10836,177,232,105,2015,269629.0,0.0
10837,177,227,105,2015,0.0,19655.0
10838,177,4,105,2015,50258.0,6336.0
10839,177,144,105,2015,3211.0,0.0
10840,177,9,105,2015,4306.0,0.0
10841,177,66,105,2015,10306.0,0.0
10842,177,178,105,2015,1073.0,0.0
10843,177,109,105,2015,14166.0,0.0
10844,177,45,105,2015,1601.0,0.0
10845,177,155,105,2015,0.0,4749.0
10846,177,7,152,2015,57877.0,0.0
10847,177,8,152,2015,1737.0,0.0
10848,177,15,152,2015,21565.0,93491.0
10849,177,18,152,2015,7588410.0,8185334.0
10850,177,23,152,2015,21072.0,73255.0
10851,177,32,152,2015,59754.0,14430.0
10852,177,39,152,2015,26836.0,0.0
10853,177,41,152,2015,68604.0,372615.0
10854,177,43,152,2015,222564.0,2106103.0
10855,177,49,152,2015,653258.0,0.0
10856,177,61,152,2015,917085.0,3852454.0
10857,177,64,152,2015,520187.0,152871.0
10858,177,71,152,2015,1085641.0,1389000.0
10859,177,74,152,2015,182171.0,10518.0
10860,177,77,152,2015,9707174.0,12280774.0
10861,177,81,152,2015,708414.0,362251.0
10862,177,90,152,2015,0.0,1269.0
10863,177,102,152,2015,29181.0,35427.0
10864,177,103,152,2015,4243.0,0.0
10865,177,104,152,2015,283964.0,716199.0
10866,177,106,152,2015,0.0,13501.0
10867,177,111,152,2015,3241945.0,2752226.0
10868,177,114,152,2015,786989.0,5112.0
10869,177,121,152,2015,0.0,23550.0
10870,177,130,152,2015,1708690.0,1216778.0
10871,177,138,152,2015,38848.0,1785.0
10872,177,162,152,2015,299470.0,387104.0
10873,177,163,152,2015,17209.0,0.0
10874,177,173,152,2015,1524.0,0.0
10875,177,174,152,2015,0.0,38898.0
10876,177,179,152,2015,896828.0,26581.0
10877,177,206,152,2015,35446.0,3013.0
10878,177,207,152,2015,13269.0,8819.0
10879,177,208,152,2015,173463.0,390874.0
10880,177,216,152,2015,52946.0,0.0
10881,177,224,152,2015,957621.0,147793.0
10882,177,231,152,2015,1297555.0,16426.0
10883,177,246,152,2015,7586.0,0.0
10884,177,249,152,2015,0.0,93760.0
10885,177,250,152,2015,0.0,163054.0
10886,177,59,152,2015,2082621.0,68681.0
10887,177,124,152,2015,918.0,0.0
10888,177,115,152,2015,1098.0,0.0
10889,177,128,152,2015,0.0,1207979.0
10890,177,183,152,2015,2889.0,0.0
10891,177,228,152,2015,796142.0,173262.0
10892,177,14,152,2015,112679.0,0.0
10893,177,185,152,2015,74123.0,15905.0
10894,177,186,152,2015,408095.0,46698.0
10895,177,140,152,2015,12720.0,0.0
10896,177,22,152,2015,0.0,1424957.0
10897,177,72,152,2015,106594.0,5457.0
10898,177,26,152,2015,112634.0,0.0
10899,177,28,152,2015,106805.0,666116.0
10900,177,68,152,2015,26844.0,180061.0
10901,177,100,152,2015,34157.0,0.0
10902,177,116,152,2015,0.0,3205.0
10903,177,117,152,2015,1404.0,0.0
10904,177,132,152,2015,140001.0,0.0
10905,177,135,152,2015,6898.0,6722.0
10906,177,201,152,2015,11941.0,0.0
10907,177,223,152,2015,936.0,8129.0
10908,177,227,152,2015,0.0,1208.0
10909,177,9,152,2015,1183.0,0.0
10910,177,178,152,2015,3956.0,0.0
10911,177,126,152,2015,2943.0,0.0
10912,177,198,152,2015,0.0,280454.0
10913,177,7,176,2015,191458.0,207587.0
10914,177,15,176,2015,18035858.0,666200.0
10915,177,18,176,2015,3279979.0,1239880.0
10916,177,23,176,2015,2805892.0,14889689.0
10917,177,32,176,2015,752550.0,0.0
10918,177,39,176,2015,0.0,625501.0
10919,177,41,176,2015,4180345.0,119183.0
10920,177,43,176,2015,465713.0,114539.0
10921,177,58,176,2015,11196558.0,50674.0
10922,177,61,176,2015,25375061.0,43367104.0
10923,177,64,176,2015,1574201.0,131374.0
10924,177,71,176,2015,5026173.0,590475.0
10925,177,74,176,2015,18124.0,72105.0
10926,177,77,176,2015,6460608.0,298537.0
10927,177,81,176,2015,2315316.0,9518011.0
10928,177,90,176,2015,32764.0,0.0
10929,177,97,176,2015,83229.0,0.0
10930,177,102,176,2015,3071748.0,221453.0
10931,177,103,176,2015,257768.0,49544.0
10932,177,104,176,2015,102285.0,0.0
10933,177,106,176,2015,47623.0,1028012.0
10934,177,111,176,2015,2893402.0,5774062.0
10935,177,114,176,2015,4783.0,3807.0
10936,177,121,176,2015,12668.0,16940.0
10937,177,130,176,2015,1464505.0,629404.0
10938,177,138,176,2015,3680.0,31708.0
10939,177,153,176,2015,1965.0,0.0
10940,177,162,176,2015,1815208.0,1992889.0
10941,177,163,176,2015,83111.0,29019.0
10942,177,179,176,2015,85074.0,0.0
10943,177,188,176,2015,30818.0,0.0
10944,177,190,176,2015,2050.0,0.0
10945,177,192,176,2015,0.0,1481390.0
10946,177,206,176,2015,9673377.0,2451825.0
10947,177,207,176,2015,14369010.0,37710.0
10948,177,208,176,2015,28893.0,27942621.0
10949,177,224,176,2015,0.0,499859.0
10950,177,231,176,2015,27241.0,256804.0
10951,177,246,176,2015,16288.0,0.0
10952,177,250,176,2015,0.0,1878465.0
10953,177,59,176,2015,94568595.0,28360794.0
10954,177,131,176,2015,16206.0,1143.0
10955,177,168,176,2015,213473.0,0.0
10956,177,107,176,2015,0.0,79507.0
10957,177,115,176,2015,4830.0,0.0
10958,177,183,176,2015,18963.0,0.0
10959,177,228,176,2015,506704.0,2391012.0
10960,177,14,176,2015,233968.0,1278213.0
10961,177,54,176,2015,34982.0,0.0
10962,177,185,176,2015,1000788.0,578395.0
10963,177,186,176,2015,375610.0,17342768.0
10964,177,239,176,2015,588979.0,0.0
10965,177,22,176,2015,23726.0,0.0
10966,177,159,176,2015,0.0,164043.0
10967,177,72,176,2015,10478.0,5913427.0
10968,177,26,176,2015,6629.0,0.0
10969,177,28,176,2015,186719.0,7111165.0
10970,177,68,176,2015,109837.0,9912.0
10971,177,100,176,2015,1402.0,1048520.0
10972,177,117,176,2015,0.0,673819.0
10973,177,132,176,2015,3090829.0,186275.0
10974,177,135,176,2015,3695.0,0.0
10975,177,167,176,2015,90556.0,0.0
10976,177,201,176,2015,2351700.0,0.0
10977,177,223,176,2015,169776.0,0.0
10978,177,92,176,2015,2511.0,0.0
