,location_id,partner_id,product_id,year,export_value,import_value
0,135,15,103,2017,476147.0,57187.0
1,135,18,103,2017,0.0,1045907.0
2,135,23,103,2017,0.0,151783.0
3,135,39,103,2017,46271.0,0.0
4,135,41,103,2017,4072.0,0.0
5,135,58,103,2017,63886.0,0.0
6,135,61,103,2017,618754.0,5656016.0
7,135,64,103,2017,0.0,302249.0
8,135,71,103,2017,581368.0,50495.0
9,135,74,103,2017,0.0,259955.0
10,135,77,103,2017,1938441.0,447953.0
11,135,81,103,2017,0.0,17155.0
12,135,90,103,2017,0.0,1819.0
13,135,102,103,2017,3724.0,424866.0
14,135,106,103,2017,0.0,1043.0
15,135,111,103,2017,2436073.0,1066998.0
16,135,121,103,2017,13614.0,0.0
17,135,130,103,2017,3755.0,997465.0
18,135,162,103,2017,1188.0,446303.0
19,135,177,103,2017,401269.0,2404412.0
20,135,179,103,2017,0.0,10209.0
21,135,206,103,2017,1207040.0,163374.0
22,135,208,103,2017,46119.0,0.0
23,135,224,103,2017,0.0,4122.0
24,135,231,103,2017,24380.0,0.0
25,135,250,103,2017,6846.0,161382.0
26,135,59,103,2017,549778.0,4454.0
27,135,115,103,2017,2922760.0,0.0
28,135,228,103,2017,196537.0,25519284.0
29,135,185,103,2017,3702534.0,11533113.0
30,135,186,103,2017,5298377.0,1891976.0
31,135,140,103,2017,326377.0,0.0
32,135,16,103,2017,15439.0,0.0
33,135,28,103,2017,0.0,2546551.0
34,135,82,103,2017,57604.0,0.0
35,135,108,103,2017,3706588.0,0.0
36,135,132,103,2017,1690.0,724508.0
37,135,15,117,2017,1342.0,81228.0
38,135,18,117,2017,189549.0,246048.0
39,135,23,117,2017,136915.0,25006.0
40,135,39,117,2017,33969.0,1454.0
41,135,41,117,2017,0.0,12235.0
42,135,43,117,2017,0.0,29832.0
43,135,58,117,2017,23966.0,0.0
44,135,61,117,2017,1688.0,2606771.0
45,135,64,117,2017,0.0,29056.0
46,135,71,117,2017,22516.0,561351.0
47,135,74,117,2017,0.0,1509.0
48,135,77,117,2017,168692.0,139940.0
49,135,81,117,2017,2625.0,8954.0
50,135,90,117,2017,72522.0,0.0
51,135,102,117,2017,191133.0,54860.0
52,135,106,117,2017,9972.0,4872.0
53,135,111,117,2017,72792.0,414870.0
54,135,130,117,2017,1189.0,445869.0
55,135,153,117,2017,0.0,7534.0
56,135,162,117,2017,4581.0,2585331.0
57,135,174,117,2017,0.0,1103.0
58,135,177,117,2017,794208.0,665042.0
59,135,206,117,2017,2079.0,4003.0
60,135,207,117,2017,0.0,34248.0
61,135,224,117,2017,0.0,985254.0
62,135,231,117,2017,81246.0,0.0
63,135,250,117,2017,2508973.0,31818.0
64,135,59,117,2017,12158.0,20615.0
65,135,110,117,2017,112036.0,0.0
66,135,228,117,2017,47381.0,9738555.0
67,135,185,117,2017,2505458.0,2576631.0
68,135,186,117,2017,138031.0,5975263.0
69,135,44,117,2017,0.0,466126.0
70,135,72,117,2017,29823.0,69618.0
71,135,26,117,2017,87557.0,0.0
72,135,28,117,2017,166352.0,204847.0
73,135,100,117,2017,6814.0,5815.0
74,135,132,117,2017,53606.0,30768.0
75,135,201,117,2017,73513.0,4565.0
76,135,144,117,2017,1058.0,0.0
77,135,9,117,2017,0.0,27359.0
78,135,83,117,2017,0.0,1737777.0
79,135,7,118,2017,0.0,2033.0
80,135,15,118,2017,1901.0,1016516.0
81,135,18,118,2017,0.0,302733.0
82,135,23,118,2017,168051.0,323287.0
83,135,39,118,2017,233517.0,0.0
84,135,41,118,2017,0.0,456351.0
85,135,43,118,2017,6704.0,8755.0
86,135,58,118,2017,75339.0,0.0
87,135,61,118,2017,1705143.0,1899159.0
88,135,64,118,2017,0.0,477618.0
89,135,71,118,2017,355124.0,129299.0
90,135,74,118,2017,3108.0,17517.0
91,135,77,118,2017,225134.0,131995.0
92,135,81,118,2017,4432.0,23895.0
93,135,90,118,2017,93487.0,77744.0
94,135,102,118,2017,13113.0,124597.0
95,135,106,118,2017,21859.0,93042.0
96,135,111,118,2017,27226.0,1914296.0
97,135,121,118,2017,51918.0,5816.0
98,135,130,118,2017,1917.0,25205.0
99,135,162,118,2017,26763.0,313552.0
100,135,163,118,2017,18804.0,0.0
101,135,177,118,2017,81005.0,573060.0
102,135,179,118,2017,0.0,1038.0
103,135,188,118,2017,29982.0,0.0
104,135,206,118,2017,0.0,16225.0
105,135,207,118,2017,0.0,433727.0
106,135,208,118,2017,0.0,1408.0
107,135,216,118,2017,0.0,372.0
108,135,224,118,2017,0.0,400039.0
109,135,231,118,2017,840928.0,3643.0
110,135,250,118,2017,200499.0,51729.0
111,135,59,118,2017,24791.0,169119.0
112,135,243,118,2017,27652.0,0.0
113,135,110,118,2017,163868.0,0.0
114,135,115,118,2017,0.0,28861.0
115,135,228,118,2017,26607.0,20916503.0
116,135,14,118,2017,10483.0,0.0
117,135,185,118,2017,8216966.0,3533885.0
118,135,186,118,2017,266773.0,7711946.0
119,135,140,118,2017,0.0,1784.0
120,135,134,118,2017,0.0,2416.0
121,135,239,118,2017,0.0,2723.0
122,135,72,118,2017,186156.0,18207.0
123,135,26,118,2017,20374.0,0.0
124,135,28,118,2017,88289.0,831055.0
125,135,82,118,2017,180933.0,0.0
126,135,100,118,2017,0.0,142908.0
127,135,132,118,2017,167932.0,1199.0
128,135,201,118,2017,61336.0,7572.0
129,135,223,118,2017,0.0,2644.0
130,135,7,119,2017,1237.0,0.0
131,135,8,119,2017,0.0,560957.0
132,135,15,119,2017,7286931.0,162648.0
133,135,18,119,2017,22005.0,81291.0
134,135,23,119,2017,31093.0,161692.0
135,135,32,119,2017,0.0,168132.0
136,135,39,119,2017,211276.0,861.0
137,135,41,119,2017,0.0,3997.0
138,135,43,119,2017,41900.0,514093.0
139,135,52,119,2017,0.0,1213.0
140,135,61,119,2017,10127201.0,362436.0
141,135,64,119,2017,0.0,2232.0
142,135,67,119,2017,0.0,67254.0
143,135,71,119,2017,0.0,1455498.0
144,135,74,119,2017,22926.0,0.0
145,135,77,119,2017,81026.0,220555.0
146,135,81,119,2017,0.0,13656.0
147,135,90,119,2017,43220.0,1153174.0
148,135,102,119,2017,387570.0,500461.0
149,135,104,119,2017,0.0,41394.0
150,135,111,119,2017,41674.0,965910.0
151,135,113,119,2017,27629.0,0.0
152,135,114,119,2017,5406.0,336.0
153,135,121,119,2017,8511.0,2902.0
154,135,130,119,2017,204046.0,0.0
155,135,162,119,2017,84416.0,393497.0
156,135,163,119,2017,8419.0,0.0
157,135,173,119,2017,0.0,8026.0
158,135,174,119,2017,0.0,1789.0
159,135,177,119,2017,30250015.0,1824833.0
160,135,179,119,2017,0.0,10029.0
161,135,206,119,2017,736250.0,0.0
162,135,207,119,2017,7515.0,8321.0
163,135,216,119,2017,0.0,1846.0
164,135,224,119,2017,0.0,981705.0
165,135,231,119,2017,788035.0,24653.0
166,135,246,119,2017,0.0,19623.0
167,135,249,119,2017,0.0,569.0
168,135,250,119,2017,89570.0,17356.0
169,135,59,119,2017,1751739.0,20446.0
170,135,243,119,2017,67068.0,0.0
171,135,107,119,2017,0.0,23467.0
172,135,110,119,2017,279361.0,50137.0
173,135,115,119,2017,637656.0,0.0
174,135,128,119,2017,0.0,1003.0
175,135,183,119,2017,6759.0,0.0
176,135,228,119,2017,1402225.0,6220649.0
177,135,14,119,2017,52215.0,0.0
178,135,185,119,2017,2533300.0,3582432.0
179,135,186,119,2017,2439746.0,779824.0
180,135,145,119,2017,24236.0,0.0
181,135,140,119,2017,0.0,17083.0
182,135,239,119,2017,0.0,142013.0
183,135,72,119,2017,142058.0,0.0
184,135,16,119,2017,674875.0,115216.0
185,135,26,119,2017,64071.0,0.0
186,135,28,119,2017,5190387.0,333873.0
187,135,82,119,2017,36266.0,2234.0
188,135,132,119,2017,213552.0,86493.0
189,135,201,119,2017,0.0,86114.0
190,135,217,119,2017,32630.0,0.0
191,135,232,119,2017,515624.0,0.0
192,135,9,119,2017,167194.0,0.0
193,135,83,119,2017,8054.0,0.0
194,135,7,137,2017,0.0,5874.0
195,135,15,137,2017,36088.0,3157460.0
196,135,18,137,2017,0.0,1614540.0
197,135,23,137,2017,0.0,180120.0
198,135,32,137,2017,0.0,103313.0
199,135,39,137,2017,0.0,3870.0
200,135,41,137,2017,963.0,159764.0
201,135,42,137,2017,0.0,31217.0
202,135,43,137,2017,25003.0,1527689.0
203,135,61,137,2017,58111.0,16664628.0
204,135,64,137,2017,0.0,224156.0
205,135,71,137,2017,1120.0,1306114.0
206,135,74,137,2017,0.0,29872.0
207,135,77,137,2017,0.0,4235410.0
208,135,81,137,2017,782.0,1198014.0
209,135,90,137,2017,0.0,122304.0
210,135,97,137,2017,0.0,2305.0
211,135,102,137,2017,0.0,507537.0
212,135,103,137,2017,0.0,304.0
213,135,104,137,2017,0.0,174699.0
214,135,106,137,2017,0.0,6295.0
215,135,111,137,2017,33062.0,1399068.0
216,135,113,137,2017,0.0,119281.0
217,135,114,137,2017,0.0,108666.0
218,135,121,137,2017,0.0,20772.0
219,135,130,137,2017,1245.0,69280.0
220,135,153,137,2017,0.0,1774.0
221,135,162,137,2017,92215.0,589267.0
222,135,163,137,2017,0.0,23746.0
223,135,174,137,2017,0.0,5391.0
224,135,177,137,2017,100421.0,2181590.0
225,135,192,137,2017,0.0,749.0
226,135,206,137,2017,286742.0,78842.0
227,135,207,137,2017,0.0,190201.0
228,135,208,137,2017,0.0,381417.0
229,135,216,137,2017,0.0,1103.0
230,135,224,137,2017,0.0,1006878.0
231,135,231,137,2017,0.0,778033.0
232,135,246,137,2017,0.0,48467.0
233,135,249,137,2017,0.0,64601.0
234,135,59,137,2017,187936.0,234382.0
235,135,110,137,2017,8985.0,1192194.0
236,135,115,137,2017,236616.0,0.0
237,135,128,137,2017,0.0,2183.0
238,135,228,137,2017,1129573.0,4944878.0
239,135,14,137,2017,0.0,1293.0
240,135,185,137,2017,1390971.0,27276971.0
241,135,186,137,2017,268709.0,6685298.0
242,135,140,137,2017,28183.0,0.0
243,135,72,137,2017,0.0,6947.0
244,135,28,137,2017,36919.0,647230.0
245,135,82,137,2017,2923.0,0.0
246,135,100,137,2017,0.0,4874.0
247,135,117,137,2017,22646.0,0.0
248,135,132,137,2017,0.0,5973.0
249,135,201,137,2017,195786.0,3847.0
250,135,217,137,2017,3869.0,0.0
251,135,219,137,2017,247422.0,0.0
252,135,232,137,2017,140105.0,0.0
253,135,9,137,2017,1388.0,0.0
254,135,7,188,2017,1591.0,36606.0
255,135,15,188,2017,69615.0,959168.0
256,135,18,188,2017,256991.0,659637.0
257,135,23,188,2017,9957066.0,357387.0
258,135,32,188,2017,0.0,13246.0
259,135,39,188,2017,1145.0,15842.0
260,135,41,188,2017,408225.0,718996.0
261,135,43,188,2017,128901.0,5663152.0
262,135,49,188,2017,2754.0,0.0
263,135,52,188,2017,0.0,81538.0
264,135,58,188,2017,0.0,21067.0
265,135,61,188,2017,1683633.0,13195043.0
266,135,64,188,2017,0.0,397755.0
267,135,71,188,2017,5605.0,293716.0
268,135,74,188,2017,150719.0,484231.0
269,135,77,188,2017,130554.0,806505.0
270,135,81,188,2017,84521.0,1122310.0
271,135,90,188,2017,392614.0,121868.0
272,135,97,188,2017,24880.0,222668.0
273,135,102,188,2017,186028.0,1213063.0
274,135,103,188,2017,72607.0,2607.0
275,135,104,188,2017,3305.0,207747.0
276,135,106,188,2017,0.0,242974.0
277,135,111,188,2017,3223636.0,3303383.0
278,135,114,188,2017,0.0,178632.0
279,135,121,188,2017,27612.0,773686.0
280,135,130,188,2017,0.0,367593.0
281,135,138,188,2017,0.0,91271.0
282,135,153,188,2017,0.0,22351.0
283,135,162,188,2017,1015789.0,3167102.0
284,135,174,188,2017,0.0,5760.0
285,135,177,188,2017,110796.0,1860888.0
286,135,179,188,2017,15476.0,21510.0
287,135,192,188,2017,5724.0,719745.0
288,135,206,188,2017,101617.0,3014252.0
289,135,207,188,2017,0.0,173829.0
290,135,208,188,2017,171604.0,196793.0
291,135,216,188,2017,0.0,2357.0
292,135,224,188,2017,451980.0,932688.0
293,135,231,188,2017,10089.0,2086792.0
294,135,246,188,2017,1307.0,0.0
295,135,249,188,2017,25771.0,60108.0
296,135,250,188,2017,298520.0,1718.0
297,135,59,188,2017,123015.0,862160.0
298,135,168,188,2017,0.0,5249.0
299,135,110,188,2017,650680.0,641444.0
300,135,183,188,2017,3843.0,0.0
301,135,228,188,2017,3690243.0,1420839.0
302,135,14,188,2017,3111.0,45318.0
303,135,185,188,2017,645327.0,15663652.0
304,135,186,188,2017,2155494.0,2624284.0
305,135,140,188,2017,4398.0,0.0
306,135,239,188,2017,1132.0,79980.0
307,135,159,188,2017,5206.0,0.0
308,135,72,188,2017,184312.0,111377.0
309,135,28,188,2017,74492.0,254034.0
310,135,82,188,2017,1607.0,1263.0
311,135,100,188,2017,7211.0,33368.0
312,135,117,188,2017,27485.0,21539.0
313,135,132,188,2017,134889.0,438795.0
314,135,201,188,2017,15866.0,261098.0
315,135,217,188,2017,20575.0,0.0
316,135,223,188,2017,0.0,52461.0
317,135,232,188,2017,0.0,1262.0
318,135,9,188,2017,0.0,5457.0
319,135,15,196,2017,0.0,185721.0
320,135,18,196,2017,0.0,131825.0
321,135,23,196,2017,15681.0,142517.0
322,135,39,196,2017,1608.0,5155.0
323,135,41,196,2017,0.0,237725.0
324,135,43,196,2017,35625.0,245344.0
325,135,61,196,2017,1063062.0,10344005.0
326,135,64,196,2017,12681.0,12264.0
327,135,71,196,2017,1264.0,11266.0
328,135,74,196,2017,9648.0,75093.0
329,135,77,196,2017,882.0,366501.0
330,135,81,196,2017,113756.0,726035.0
331,135,90,196,2017,0.0,15079.0
332,135,97,196,2017,4987.0,137548.0
333,135,102,196,2017,0.0,33521.0
334,135,103,196,2017,0.0,341.0
335,135,104,196,2017,0.0,788.0
336,135,111,196,2017,24441.0,745340.0
337,135,114,196,2017,0.0,6638.0
338,135,122,196,2017,13599.0,0.0
339,135,130,196,2017,1450.0,0.0
340,135,138,196,2017,276378.0,0.0
341,135,153,196,2017,3964.0,172.0
342,135,162,196,2017,0.0,1031093.0
343,135,163,196,2017,0.0,6921.0
344,135,177,196,2017,0.0,16691.0
345,135,188,196,2017,206579.0,10617.0
346,135,206,196,2017,0.0,157380.0
347,135,208,196,2017,19215.0,30270.0
348,135,224,196,2017,1549.0,525296.0
349,135,231,196,2017,929006.0,1129291.0
350,135,249,196,2017,23216.0,15393.0
351,135,59,196,2017,0.0,324688.0
352,135,110,196,2017,11130.0,2120241.0
353,135,228,196,2017,520736.0,1868232.0
354,135,14,196,2017,0.0,5126.0
355,135,185,196,2017,15709.0,2092118.0
356,135,186,196,2017,8589201.0,429891104.0
357,135,72,196,2017,0.0,2535.0
358,135,82,196,2017,1483.0,0.0
359,135,100,196,2017,0.0,2159.0
360,135,201,196,2017,1164439.0,842.0
361,135,4,196,2017,255958.0,106825.0
362,135,15,116,2017,0.0,219070.0
363,135,18,116,2017,0.0,38054.0
364,135,23,116,2017,8538480.0,3175.0
365,135,39,116,2017,31706.0,2909.0
366,135,41,116,2017,0.0,15975.0
367,135,43,116,2017,0.0,18725.0
368,135,49,116,2017,0.0,5238.0
369,135,58,116,2017,1827.0,0.0
370,135,61,116,2017,251095.0,660700.0
371,135,64,116,2017,0.0,804.0
372,135,71,116,2017,7967.0,2199.0
373,135,74,116,2017,2224.0,0.0
374,135,77,116,2017,82671.0,52276.0
375,135,81,116,2017,6029.0,23542.0
376,135,90,116,2017,16592.0,0.0
377,135,102,116,2017,667013.0,19352.0
378,135,104,116,2017,0.0,27890.0
379,135,106,116,2017,760.0,20377.0
380,135,111,116,2017,13619.0,73939.0
381,135,130,116,2017,3341.0,9867.0
382,135,138,116,2017,0.0,384.0
383,135,162,116,2017,0.0,120354.0
384,135,163,116,2017,1297.0,0.0
385,135,177,116,2017,1044249.0,4467263.0
386,135,206,116,2017,0.0,1988.0
387,135,207,116,2017,0.0,14671.0
388,135,208,116,2017,0.0,739.0
389,135,224,116,2017,417867.0,990657.0
390,135,231,116,2017,10688.0,2888.0
391,135,250,116,2017,379012.0,0.0
392,135,59,116,2017,0.0,969285.0
393,135,110,116,2017,54192.0,1864.0
394,135,115,116,2017,5370.0,0.0
395,135,228,116,2017,0.0,10570984.0
396,135,185,116,2017,13032161.0,1197092.0
397,135,186,116,2017,761913.0,2579915.0
398,135,239,116,2017,0.0,30258.0
399,135,72,116,2017,133755.0,26974.0
400,135,26,116,2017,136576.0,0.0
401,135,28,116,2017,23784.0,14614650.0
402,135,82,116,2017,1959.0,0.0
403,135,100,116,2017,55155.0,0.0
404,135,117,116,2017,29648.0,0.0
405,135,132,116,2017,124494.0,0.0
406,135,201,116,2017,15395.0,0.0
407,135,217,116,2017,28957.0,0.0
408,135,232,116,2017,10566.0,0.0
409,135,7,120,2017,59446.0,5529.0
410,135,15,120,2017,0.0,1011823.0
411,135,18,120,2017,0.0,217518.0
412,135,23,120,2017,0.0,1056364.0
413,135,32,120,2017,0.0,31344.0
414,135,39,120,2017,11312.0,31164.0
415,135,41,120,2017,0.0,83745.0
416,135,42,120,2017,0.0,593.0
417,135,43,120,2017,0.0,52212.0
418,135,49,120,2017,0.0,7790.0
419,135,58,120,2017,0.0,25872.0
420,135,61,120,2017,5101.0,3680334.0
421,135,64,120,2017,0.0,106815.0
422,135,67,120,2017,0.0,313485.0
423,135,71,120,2017,0.0,408640.0
424,135,74,120,2017,0.0,69057.0
425,135,77,120,2017,7871.0,615064.0
426,135,81,120,2017,115430.0,347033.0
427,135,90,120,2017,0.0,57490.0
428,135,102,120,2017,15119.0,831431.0
429,135,103,120,2017,0.0,11406.0
430,135,104,120,2017,0.0,210262.0
431,135,106,120,2017,0.0,15604.0
432,135,111,120,2017,0.0,1577232.0
433,135,114,120,2017,39340.0,2053.0
434,135,121,120,2017,0.0,17524.0
435,135,130,120,2017,0.0,666355.0
436,135,138,120,2017,0.0,2502.0
437,135,162,120,2017,407510.0,623218.0
438,135,163,120,2017,0.0,117875.0
439,135,174,120,2017,0.0,654.0
440,135,177,120,2017,0.0,2335104.0
441,135,179,120,2017,0.0,565.0
442,135,192,120,2017,1861.0,0.0
443,135,206,120,2017,0.0,198304.0
444,135,207,120,2017,0.0,546455.0
445,135,208,120,2017,0.0,97947.0
446,135,216,120,2017,0.0,2715.0
447,135,224,120,2017,63240.0,415993.0
448,135,231,120,2017,10156.0,249985.0
449,135,246,120,2017,0.0,17589.0
450,135,250,120,2017,39885.0,25582.0
451,135,59,120,2017,116658.0,367768.0
452,135,168,120,2017,0.0,1295.0
453,135,110,120,2017,0.0,96668.0
454,135,115,120,2017,32970.0,0.0
455,135,128,120,2017,0.0,6143.0
456,135,183,120,2017,1764.0,0.0
457,135,228,120,2017,85127.0,19232582.0
458,135,185,120,2017,474455.0,6173110.0
459,135,186,120,2017,424774.0,35439573.0
460,135,44,120,2017,527162.0,0.0
461,135,239,120,2017,0.0,288617.0
462,135,72,120,2017,0.0,6008.0
463,135,191,120,2017,236361.0,0.0
464,135,16,120,2017,88763.0,0.0
465,135,28,120,2017,22116.0,593228.0
466,135,68,120,2017,0.0,28480.0
467,135,82,120,2017,30193.0,38867.0
468,135,100,120,2017,0.0,16806.0
469,135,108,120,2017,4629398.0,0.0
470,135,132,120,2017,21783.0,238338.0
471,135,201,120,2017,0.0,90856.0
472,135,232,120,2017,3447.0,0.0
473,135,9,120,2017,0.0,17806.0
474,135,66,120,2017,77346.0,0.0
475,135,83,120,2017,207854.0,0.0
476,135,136,120,2017,0.0,19621.0
477,135,198,120,2017,0.0,6483.0
478,135,7,148,2017,0.0,11203.0
479,135,15,148,2017,0.0,20470.0
480,135,18,148,2017,0.0,70175.0
481,135,23,148,2017,1576.0,2074.0
482,135,39,148,2017,0.0,344.0
483,135,41,148,2017,17336.0,8081.0
484,135,43,148,2017,1137.0,195705.0
485,135,61,148,2017,1399.0,478015.0
486,135,64,148,2017,0.0,4797.0
487,135,71,148,2017,5574.0,15637.0
488,135,74,148,2017,0.0,989000.0
489,135,77,148,2017,3252.0,42125.0
490,135,81,148,2017,8381.0,200769.0
491,135,90,148,2017,3364.0,13014.0
492,135,97,148,2017,0.0,27089.0
493,135,102,148,2017,0.0,32441.0
494,135,104,148,2017,0.0,11172.0
495,135,106,148,2017,0.0,4831.0
496,135,111,148,2017,4902.0,890909.0
497,135,114,148,2017,4883.0,785.0
498,135,121,148,2017,0.0,19599.0
499,135,130,148,2017,0.0,793971.0
500,135,153,148,2017,0.0,1040.0
501,135,162,148,2017,0.0,69254.0
502,135,163,148,2017,917.0,0.0
503,135,177,148,2017,11143.0,217504.0
504,135,179,148,2017,0.0,801.0
505,135,206,148,2017,0.0,42125.0
506,135,207,148,2017,0.0,2799.0
507,135,208,148,2017,0.0,2723.0
508,135,224,148,2017,0.0,260388.0
509,135,231,148,2017,52512.0,9962.0
510,135,249,148,2017,0.0,504.0
511,135,250,148,2017,20297.0,0.0
512,135,59,148,2017,7600.0,42988.0
513,135,110,148,2017,0.0,1271.0
514,135,115,148,2017,2659.0,35660.0
515,135,228,148,2017,64664.0,1107877.0
516,135,185,148,2017,470574.0,3246102.0
517,135,186,148,2017,78965.0,2573519.0
518,135,239,148,2017,0.0,2849.0
519,135,72,148,2017,1549.0,2035.0
520,135,191,148,2017,4651.0,0.0
521,135,26,148,2017,0.0,1841.0
522,135,28,148,2017,19999.0,120630.0
523,135,82,148,2017,0.0,4115.0
524,135,117,148,2017,9554.0,3535.0
525,135,132,148,2017,0.0,5414.0
526,135,201,148,2017,0.0,111654.0
527,135,217,148,2017,1554.0,0.0
528,135,219,148,2017,33379.0,0.0
529,135,9,148,2017,6497.0,0.0
530,135,7,183,2017,2387.0,358427.0
531,135,8,183,2017,0.0,5559.0
532,135,15,183,2017,20203000.0,4952589.0
533,135,18,183,2017,961613.0,1420184.0
534,135,23,183,2017,16176520.0,19923023.0
535,135,32,183,2017,15950.0,576331.0
536,135,39,183,2017,4516.0,122786.0
537,135,41,183,2017,2614395.0,4193784.0
538,135,43,183,2017,4568690.0,20081314.0
539,135,49,183,2017,0.0,4070.0
540,135,52,183,2017,0.0,23786.0
541,135,58,183,2017,0.0,273804.0
542,135,61,183,2017,18063018.0,27616367.0
543,135,64,183,2017,0.0,451946.0
544,135,71,183,2017,31515.0,4673763.0
545,135,74,183,2017,4855.0,2254771.0
546,135,77,183,2017,1064769.0,4610205.0
547,135,81,183,2017,2965331.0,1873107.0
548,135,90,183,2017,119935.0,904494.0
549,135,97,183,2017,290093.0,7237690.0
550,135,102,183,2017,2332406.0,7943683.0
551,135,103,183,2017,259105.0,51607.0
552,135,104,183,2017,1856.0,914056.0
553,135,106,183,2017,97147.0,144935.0
554,135,111,183,2017,7522252.0,17059303.0
555,135,114,183,2017,0.0,270621.0
556,135,121,183,2017,17544.0,480667.0
557,135,130,183,2017,74667.0,1426491.0
558,135,138,183,2017,985.0,200967.0
559,135,153,183,2017,0.0,344034.0
560,135,162,183,2017,934806.0,6283632.0
561,135,163,183,2017,7697.0,23891.0
562,135,166,183,2017,48789.0,0.0
563,135,174,183,2017,0.0,526325.0
564,135,177,183,2017,2621033.0,17485913.0
565,135,179,183,2017,10309.0,2370467.0
566,135,192,183,2017,0.0,209034.0
567,135,206,183,2017,813490.0,1376037.0
568,135,207,183,2017,191244.0,1648874.0
569,135,208,183,2017,106399.0,1721269.0
570,135,216,183,2017,6699.0,45433.0
571,135,224,183,2017,150783.0,8690066.0
572,135,231,183,2017,360156.0,2210508.0
573,135,246,183,2017,6390.0,0.0
574,135,249,183,2017,222931.0,1047423.0
575,135,250,183,2017,90037.0,269859.0
576,135,59,183,2017,6851368.0,13198781.0
577,135,124,183,2017,0.0,70906.0
578,135,131,183,2017,12822.0,0.0
579,135,168,183,2017,0.0,4035.0
580,135,110,183,2017,16878.0,488434.0
581,135,115,183,2017,141498.0,0.0
582,135,128,183,2017,0.0,1927.0
583,135,228,183,2017,6204691.0,60160985.0
584,135,14,183,2017,6046.0,10135.0
585,135,185,183,2017,268811516.0,160574897.0
586,135,186,183,2017,11005624.0,23093263.0
587,135,140,183,2017,66969.0,128224.0
588,135,134,183,2017,0.0,351034.0
589,135,239,183,2017,30609.0,21491927.0
590,135,142,183,2017,0.0,132069.0
591,135,72,183,2017,240017.0,1369600.0
592,135,16,183,2017,2754.0,0.0
593,135,26,183,2017,1087.0,47020.0
594,135,28,183,2017,510283.0,2778633.0
595,135,68,183,2017,0.0,41353.0
596,135,82,183,2017,2395.0,0.0
597,135,100,183,2017,410242.0,553009.0
598,135,117,183,2017,66328.0,63555.0
599,135,132,183,2017,1334603.0,3454853.0
600,135,201,183,2017,92199.0,308365.0
601,135,223,183,2017,1090.0,316729.0
602,135,232,183,2017,95096.0,1061.0
603,135,9,183,2017,35756.0,10280.0
604,135,66,183,2017,797.0,0.0
605,135,109,183,2017,0.0,2157.0
606,135,7,121,2017,73617.0,0.0
607,135,15,121,2017,158481.0,957129.0
608,135,18,121,2017,138378.0,1159271.0
609,135,23,121,2017,3178654.0,656193.0
610,135,32,121,2017,0.0,1011.0
611,135,39,121,2017,2310731.0,111199.0
612,135,41,121,2017,108754.0,0.0
613,135,42,121,2017,0.0,1511.0
614,135,43,121,2017,8528760.0,82648.0
615,135,49,121,2017,35297.0,0.0
616,135,58,121,2017,55400.0,55334.0
617,135,61,121,2017,3159849.0,10190823.0
618,135,64,121,2017,3819.0,33560.0
619,135,71,121,2017,61796.0,95068.0
620,135,74,121,2017,4345.0,193924.0
621,135,77,121,2017,59128.0,718677.0
622,135,81,121,2017,1572245.0,241707.0
623,135,90,121,2017,2333098.0,332040.0
624,135,97,121,2017,290882.0,0.0
625,135,102,121,2017,2373179.0,92196.0
626,135,103,121,2017,0.0,1487.0
627,135,106,121,2017,25797.0,631941.0
628,135,111,121,2017,720847.0,664934.0
629,135,112,121,2017,0.0,132785.0
630,135,113,121,2017,23760.0,0.0
631,135,114,121,2017,357201.0,3616.0
632,135,121,121,2017,89767.0,0.0
633,135,122,121,2017,94821.0,0.0
634,135,130,121,2017,1737193.0,104960.0
635,135,138,121,2017,11804.0,141976.0
636,135,153,121,2017,30862.0,0.0
637,135,162,121,2017,1282046.0,4593767.0
638,135,163,121,2017,8913.0,0.0
639,135,177,121,2017,13053963.0,787106.0
640,135,179,121,2017,36904.0,1060.0
641,135,192,121,2017,106360.0,0.0
642,135,206,121,2017,1814302.0,0.0
643,135,207,121,2017,0.0,59023.0
644,135,208,121,2017,4593.0,149004.0
645,135,216,121,2017,33903.0,120.0
646,135,224,121,2017,4814917.0,111654.0
647,135,231,121,2017,8301798.0,174586.0
648,135,246,121,2017,23117.0,14876.0
649,135,249,121,2017,88906.0,33899.0
650,135,250,121,2017,17547876.0,579642.0
651,135,59,121,2017,8668577.0,532972.0
652,135,124,121,2017,5444.0,0.0
653,135,243,121,2017,79559.0,0.0
654,135,110,121,2017,690694.0,0.0
655,135,115,121,2017,7530240.0,0.0
656,135,183,121,2017,6560.0,0.0
657,135,212,121,2017,21743.0,0.0
658,135,228,121,2017,10357974.0,21509602.0
659,135,14,121,2017,18954.0,315.0
660,135,185,121,2017,13996617.0,6633162.0
661,135,186,121,2017,15526135.0,3820141.0
662,135,145,121,2017,110564.0,0.0
663,135,44,121,2017,29550.0,0.0
664,135,159,121,2017,204885.0,0.0
665,135,72,121,2017,1471536.0,0.0
666,135,16,121,2017,544256.0,0.0
667,135,26,121,2017,330382.0,0.0
668,135,28,121,2017,34539731.0,1309767.0
669,135,82,121,2017,6837283.0,647833.0
670,135,100,121,2017,117862.0,132574.0
671,135,108,121,2017,45526.0,0.0
672,135,116,121,2017,106584.0,0.0
673,135,117,121,2017,502251.0,0.0
674,135,132,121,2017,1553085.0,1564528.0
675,135,201,121,2017,1988946.0,141383.0
676,135,217,121,2017,39615.0,0.0
677,135,219,121,2017,91624.0,0.0
678,135,4,121,2017,12485.0,0.0
679,135,144,121,2017,2505.0,0.0
680,135,9,121,2017,55259.0,0.0
681,135,83,121,2017,12139.0,0.0
682,135,15,127,2017,0.0,25160.0
683,135,18,127,2017,0.0,79866.0
684,135,23,127,2017,0.0,106475.0
685,135,41,127,2017,0.0,2113.0
686,135,42,127,2017,0.0,21640.0
687,135,43,127,2017,0.0,111198.0
688,135,49,127,2017,0.0,431.0
689,135,61,127,2017,0.0,729292.0
690,135,64,127,2017,0.0,6545.0
691,135,71,127,2017,0.0,19748.0
692,135,74,127,2017,0.0,10366.0
693,135,77,127,2017,0.0,57830.0
694,135,81,127,2017,0.0,2624.0
695,135,90,127,2017,0.0,9885.0
696,135,102,127,2017,0.0,114503.0
697,135,104,127,2017,0.0,12281.0
698,135,111,127,2017,0.0,211360.0
699,135,114,127,2017,0.0,972.0
700,135,121,127,2017,0.0,1056.0
701,135,130,127,2017,0.0,175096.0
702,135,138,127,2017,0.0,13298.0
703,135,162,127,2017,0.0,107378.0
704,135,173,127,2017,0.0,3004.0
705,135,177,127,2017,0.0,363462.0
706,135,206,127,2017,0.0,42989.0
707,135,207,127,2017,0.0,18374.0
708,135,224,127,2017,0.0,297976.0
709,135,231,127,2017,1386.0,8157.0
710,135,59,127,2017,0.0,181346.0
711,135,228,127,2017,34171.0,1016557.0
712,135,185,127,2017,290512.0,9162381.0
713,135,186,127,2017,664145.0,1828045.0
714,135,239,127,2017,0.0,2942.0
715,135,72,127,2017,0.0,22419.0
716,135,26,127,2017,0.0,11327.0
717,135,28,127,2017,0.0,37699.0
718,135,82,127,2017,18892.0,0.0
719,135,201,127,2017,0.0,81917.0
720,135,217,127,2017,22750.0,0.0
721,135,223,127,2017,0.0,39124.0
722,135,15,128,2017,0.0,41799.0
723,135,18,128,2017,2909.0,231096.0
724,135,23,128,2017,0.0,39826.0
725,135,39,128,2017,3275.0,0.0
726,135,41,128,2017,0.0,15158.0
727,135,42,128,2017,15861.0,0.0
728,135,43,128,2017,0.0,1903726.0
729,135,61,128,2017,0.0,1601053.0
730,135,64,128,2017,0.0,21595.0
731,135,71,128,2017,0.0,182074.0
732,135,77,128,2017,0.0,176263.0
733,135,81,128,2017,4119.0,135691.0
734,135,90,128,2017,0.0,10675.0
735,135,102,128,2017,0.0,636003.0
736,135,103,128,2017,0.0,684.0
737,135,104,128,2017,0.0,188365.0
738,135,111,128,2017,3023.0,517794.0
739,135,113,128,2017,0.0,28081.0
740,135,130,128,2017,0.0,141046.0
741,135,153,128,2017,0.0,687.0
742,135,162,128,2017,0.0,371997.0
743,135,177,128,2017,7760.0,667952.0
744,135,208,128,2017,0.0,917.0
745,135,224,128,2017,0.0,225807.0
746,135,231,128,2017,9346.0,76055.0
747,135,246,128,2017,0.0,796.0
748,135,59,128,2017,0.0,395341.0
749,135,110,128,2017,3274.0,0.0
750,135,228,128,2017,0.0,708714.0
751,135,185,128,2017,166673.0,1471034.0
752,135,186,128,2017,357415.0,772741.0
753,135,140,128,2017,3405.0,0.0
754,135,16,128,2017,0.0,1882.0
755,135,28,128,2017,18876.0,92407.0
756,135,82,128,2017,13851.0,18705.0
757,135,132,128,2017,0.0,8456.0
758,135,201,128,2017,0.0,68786.0
759,135,7,182,2017,51552.0,91691.0
760,135,8,182,2017,0.0,388269.0
761,135,15,182,2017,116668.0,4810937.0
762,135,18,182,2017,99848.0,5280123.0
763,135,23,182,2017,261024.0,4193335.0
764,135,32,182,2017,0.0,406369.0
765,135,39,182,2017,11825.0,209006.0
766,135,41,182,2017,27719.0,2831751.0
767,135,42,182,2017,1783.0,0.0
768,135,43,182,2017,10150.0,13668596.0
769,135,52,182,2017,0.0,19540.0
770,135,58,182,2017,1068.0,15013.0
771,135,61,182,2017,1222952.0,56701247.0
772,135,64,182,2017,110730.0,2089839.0
773,135,71,182,2017,2649.0,1573278.0
774,135,74,182,2017,26986.0,1239443.0
775,135,77,182,2017,758315.0,4844933.0
776,135,81,182,2017,253821.0,2659265.0
777,135,90,182,2017,30602.0,1349476.0
778,135,97,182,2017,1106.0,1189559.0
779,135,102,182,2017,443121.0,6570988.0
780,135,103,182,2017,32587.0,29498.0
781,135,104,182,2017,94454.0,227180.0
782,135,106,182,2017,682.0,918988.0
783,135,111,182,2017,2462413.0,41014833.0
784,135,114,182,2017,0.0,281401.0
785,135,121,182,2017,9214.0,676142.0
786,135,122,182,2017,1319.0,0.0
787,135,130,182,2017,209498.0,5190617.0
788,135,138,182,2017,0.0,80920.0
789,135,153,182,2017,0.0,101586.0
790,135,162,182,2017,551739.0,6904278.0
791,135,163,182,2017,0.0,91722.0
792,135,174,182,2017,0.0,40217.0
793,135,177,182,2017,128279.0,29585397.0
794,135,179,182,2017,0.0,86594.0
795,135,188,182,2017,0.0,508.0
796,135,192,182,2017,13527.0,171005.0
797,135,206,182,2017,6392.0,1693444.0
798,135,207,182,2017,669.0,2128766.0
799,135,208,182,2017,4323.0,1706015.0
800,135,216,182,2017,1574.0,62251.0
801,135,224,182,2017,245813.0,24091726.0
802,135,231,182,2017,62988.0,1982677.0
803,135,246,182,2017,0.0,55687.0
804,135,249,182,2017,70445.0,824059.0
805,135,250,182,2017,0.0,80190.0
806,135,59,182,2017,129441.0,9041192.0
807,135,131,182,2017,0.0,1510.0
808,135,168,182,2017,0.0,7678.0
809,135,107,182,2017,0.0,16074.0
810,135,110,182,2017,13903.0,183573.0
811,135,115,182,2017,148262.0,7024.0
812,135,128,182,2017,0.0,3628.0
813,135,212,182,2017,4731.0,0.0
814,135,228,182,2017,2465949.0,27772944.0
815,135,14,182,2017,0.0,7906.0
816,135,185,182,2017,7666341.0,41563670.0
817,135,186,182,2017,21623880.0,30190283.0
818,135,140,182,2017,3633.0,509677.0
819,135,134,182,2017,119043.0,7664.0
820,135,239,182,2017,6402.0,1969842.0
821,135,22,182,2017,0.0,17041.0
822,135,72,182,2017,27395.0,497596.0
823,135,16,182,2017,882269.0,21451.0
824,135,26,182,2017,0.0,131552.0
825,135,28,182,2017,1165281.0,6004468.0
826,135,68,182,2017,19100.0,0.0
827,135,82,182,2017,423192.0,15686.0
828,135,100,182,2017,0.0,360376.0
829,135,108,182,2017,1013.0,0.0
830,135,117,182,2017,9898.0,68091.0
831,135,132,182,2017,18773.0,963815.0
832,135,201,182,2017,41328.0,682340.0
833,135,223,182,2017,0.0,23444.0
834,135,232,182,2017,1457280.0,3490.0
835,135,4,182,2017,2410.0,0.0
836,135,9,182,2017,20409.0,5089.0
837,135,198,182,2017,0.0,18874.0
838,135,7,192,2017,407360.0,1712.0
839,135,15,192,2017,131364.0,275232.0
840,135,18,192,2017,1143575.0,130030.0
841,135,23,192,2017,43451.0,369217.0
842,135,32,192,2017,547418.0,0.0
843,135,39,192,2017,264777.0,0.0
844,135,41,192,2017,876013.0,37191.0
845,135,43,192,2017,1166068.0,1912228.0
846,135,49,192,2017,2415.0,0.0
847,135,58,192,2017,0.0,24465.0
848,135,61,192,2017,59019840.0,2056341.0
849,135,64,192,2017,0.0,29971.0
850,135,67,192,2017,0.0,5445.0
851,135,71,192,2017,1904139.0,253250.0
852,135,74,192,2017,94708.0,8092.0
853,135,77,192,2017,1688866.0,80039.0
854,135,81,192,2017,279570.0,309146.0
855,135,90,192,2017,0.0,151151.0
856,135,97,192,2017,0.0,9201.0
857,135,102,192,2017,1893336.0,581300.0
858,135,103,192,2017,0.0,13083.0
859,135,104,192,2017,0.0,16759.0
860,135,106,192,2017,39311.0,0.0
861,135,111,192,2017,1134479.0,5695173.0
862,135,114,192,2017,16534.0,1197.0
863,135,121,192,2017,16591.0,68444.0
864,135,122,192,2017,56185.0,0.0
865,135,130,192,2017,144577.0,221666.0
866,135,138,192,2017,0.0,2861.0
867,135,153,192,2017,0.0,106700.0
868,135,162,192,2017,7451045.0,4213139.0
869,135,163,192,2017,1524855.0,2155.0
870,135,166,192,2017,3126.0,0.0
871,135,174,192,2017,0.0,1103.0
872,135,177,192,2017,20126193.0,3267530.0
873,135,179,192,2017,0.0,16691.0
874,135,192,192,2017,2144.0,0.0
875,135,206,192,2017,5793643.0,563627.0
876,135,207,192,2017,1102.0,290951.0
877,135,208,192,2017,484997.0,78657.0
878,135,216,192,2017,38935.0,134.0
879,135,224,192,2017,31040.0,3828229.0
880,135,231,192,2017,925005.0,76295.0
881,135,246,192,2017,200842.0,0.0
882,135,249,192,2017,11875.0,8992.0
883,135,250,192,2017,37788.0,306873.0
884,135,59,192,2017,5421522.0,538259.0
885,135,131,192,2017,3335.0,1106.0
886,135,168,192,2017,0.0,1205.0
887,135,110,192,2017,8837.0,66388.0
888,135,115,192,2017,101773.0,2849.0
889,135,128,192,2017,0.0,5698.0
890,135,183,192,2017,15916.0,0.0
891,135,228,192,2017,64853.0,11102353.0
892,135,14,192,2017,1175.0,0.0
893,135,185,192,2017,15220563.0,12251201.0
894,135,186,192,2017,1826684.0,1502792.0
895,135,140,192,2017,195868.0,2076339.0
896,135,134,192,2017,1135.0,0.0
897,135,239,192,2017,0.0,74277.0
898,135,72,192,2017,8443.0,16634.0
899,135,16,192,2017,33120.0,0.0
900,135,26,192,2017,0.0,4135.0
901,135,28,192,2017,2903444.0,1562285.0
902,135,82,192,2017,85624.0,0.0
903,135,100,192,2017,0.0,3194.0
904,135,117,192,2017,0.0,2877.0
905,135,132,192,2017,15415.0,1567.0
906,135,167,192,2017,3224.0,0.0
907,135,201,192,2017,2859.0,36254.0
908,135,223,192,2017,0.0,426.0
909,135,232,192,2017,10246.0,0.0
910,135,4,192,2017,3545.0,5151.0
911,135,9,192,2017,43901.0,1169.0
912,135,109,192,2017,3651.0,0.0
913,135,8,106,2017,0.0,30633.0
914,135,15,106,2017,0.0,16126.0
915,135,18,106,2017,0.0,4166.0
916,135,23,106,2017,535849.0,0.0
917,135,39,106,2017,0.0,19892.0
918,135,42,106,2017,0.0,1079.0
919,135,43,106,2017,370904.0,196317.0
920,135,61,106,2017,25633.0,501006.0
921,135,64,106,2017,1674.0,3961.0
922,135,71,106,2017,0.0,627542.0
923,135,77,106,2017,0.0,89110.0
924,135,81,106,2017,763117.0,5766.0
925,135,90,106,2017,21822.0,36884.0
926,135,97,106,2017,97747.0,0.0
927,135,102,106,2017,0.0,591997.0
928,135,104,106,2017,768484.0,8601.0
929,135,111,106,2017,813503.0,425307.0
930,135,113,106,2017,12490.0,11737.0
931,135,130,106,2017,0.0,26750.0
932,135,138,106,2017,0.0,1591.0
933,135,162,106,2017,305902.0,1314256.0
934,135,163,106,2017,1763.0,0.0
935,135,173,106,2017,0.0,14652.0
936,135,177,106,2017,1326.0,1900225.0
937,135,179,106,2017,0.0,642.0
938,135,206,106,2017,0.0,11917.0
939,135,207,106,2017,0.0,11126.0
940,135,224,106,2017,1472497.0,7645322.0
941,135,231,106,2017,4021.0,18482.0
942,135,249,106,2017,131667.0,0.0
943,135,250,106,2017,0.0,12440.0
944,135,59,106,2017,13246.0,103210.0
945,135,124,106,2017,57457.0,0.0
946,135,168,106,2017,247913.0,0.0
947,135,107,106,2017,0.0,12390.0
948,135,110,106,2017,1650.0,43419.0
949,135,228,106,2017,16179.0,1590222.0
950,135,185,106,2017,1549606.0,3229631.0
951,135,186,106,2017,5051499.0,383810.0
952,135,140,106,2017,84047.0,790349.0
953,135,134,106,2017,0.0,246.0
954,135,239,106,2017,141154.0,0.0
955,135,22,106,2017,214829.0,0.0
956,135,28,106,2017,2262744.0,1369682.0
957,135,68,106,2017,0.0,20116.0
958,135,82,106,2017,0.0,64903.0
959,135,132,106,2017,12076.0,0.0
960,135,164,106,2017,185250.0,0.0
961,135,201,106,2017,0.0,35985.0
962,135,232,106,2017,27960.0,114941.0
963,135,4,106,2017,0.0,115920.0
964,135,136,106,2017,0.0,30756.0
965,135,7,161,2017,1390613.0,1304.0
966,135,15,161,2017,1937425.0,73878.0
967,135,18,161,2017,545318.0,86816.0
968,135,23,161,2017,7996161.0,1853859.0
969,135,24,161,2017,187944.0,0.0
970,135,32,161,2017,61637.0,0.0
971,135,39,161,2017,1734432.0,0.0
972,135,41,161,2017,2600647.0,5381.0
973,135,43,161,2017,5976570.0,1390918.0
974,135,49,161,2017,77463.0,0.0
975,135,61,161,2017,42923039.0,1552843.0
976,135,64,161,2017,0.0,66587.0
977,135,71,161,2017,1372826.0,131056.0
978,135,74,161,2017,314482.0,2744.0
979,135,77,161,2017,6454154.0,85395.0
980,135,81,161,2017,12994623.0,439740.0
981,135,97,161,2017,0.0,21459.0
982,135,102,161,2017,114335.0,88637.0
983,135,103,161,2017,95313.0,7710.0
984,135,104,161,2017,0.0,144007.0
985,135,106,161,2017,854937.0,0.0
986,135,111,161,2017,74654785.0,17180813.0
987,135,114,161,2017,7556620.0,0.0
988,135,118,161,2017,0.0,128148.0
989,135,121,161,2017,3169726.0,5511.0
990,135,122,161,2017,549798.0,0.0
991,135,130,161,2017,41830.0,83907.0
992,135,138,161,2017,90112.0,1795.0
993,135,153,161,2017,0.0,192.0
994,135,162,161,2017,9326.0,113176.0
995,135,163,161,2017,482736.0,0.0
996,135,166,161,2017,67495.0,0.0
997,135,174,161,2017,0.0,1181.0
998,135,177,161,2017,4052791.0,611080.0
999,135,179,161,2017,0.0,5570.0
1000,135,188,161,2017,862045.0,0.0
1001,135,192,161,2017,99728.0,0.0
1002,135,206,161,2017,2807301.0,53896.0
1003,135,207,161,2017,79713.0,0.0
1004,135,208,161,2017,45262.0,5305.0
1005,135,216,161,2017,111312.0,440.0
1006,135,224,161,2017,3876484.0,8682643.0
1007,135,230,161,2017,2634.0,0.0
1008,135,231,161,2017,6116987.0,24226.0
1009,135,246,161,2017,46929.0,0.0
1010,135,249,161,2017,917568.0,1103.0
1011,135,250,161,2017,158368.0,63074.0
1012,135,59,161,2017,1138193.0,288395.0
1013,135,124,161,2017,302648.0,0.0
1014,135,131,161,2017,58404.0,0.0
1015,135,168,161,2017,0.0,46298.0
1016,135,110,161,2017,4584.0,332404.0
1017,135,115,161,2017,372397.0,0.0
1018,135,128,161,2017,0.0,37821.0
1019,135,183,161,2017,314622.0,0.0
1020,135,228,161,2017,166456.0,671152.0
1021,135,14,161,2017,307613.0,0.0
1022,135,185,161,2017,20419439.0,3290617.0
1023,135,186,161,2017,4656072.0,555992.0
1024,135,145,161,2017,26406.0,0.0
1025,135,140,161,2017,37336.0,27786.0
1026,135,134,161,2017,11666.0,20519.0
1027,135,239,161,2017,0.0,449248.0
1028,135,22,161,2017,0.0,2763568.0
1029,135,72,161,2017,140552.0,0.0
1030,135,143,161,2017,0.0,113005.0
1031,135,16,161,2017,74889.0,0.0
1032,135,26,161,2017,72528.0,38001.0
1033,135,28,161,2017,586051.0,1670777.0
1034,135,68,161,2017,33189.0,49142.0
1035,135,100,161,2017,0.0,23023.0
1036,135,132,161,2017,0.0,241373.0
1037,135,167,161,2017,8006.0,0.0
1038,135,201,161,2017,39982.0,30649.0
1039,135,217,161,2017,8103.0,0.0
1040,135,223,161,2017,6915.0,63802.0
1041,135,232,161,2017,0.0,14569.0
1042,135,4,161,2017,0.0,11793.0
1043,135,144,161,2017,21359.0,0.0
1044,135,9,161,2017,85722.0,6740.0
1045,135,109,161,2017,24780.0,0.0
1046,135,136,161,2017,0.0,102363.0
1047,135,7,163,2017,264757.0,0.0
1048,135,15,163,2017,572742.0,97598.0
1049,135,18,163,2017,174702.0,7620.0
1050,135,23,163,2017,11138.0,476579.0
1051,135,32,163,2017,0.0,6561.0
1052,135,39,163,2017,296753.0,0.0
1053,135,41,163,2017,401886.0,1211.0
1054,135,42,163,2017,1147612.0,0.0
1055,135,43,163,2017,217442.0,2622983.0
1056,135,49,163,2017,68629.0,0.0
1057,135,61,163,2017,17720282.0,2857475.0
1058,135,64,163,2017,0.0,591540.0
1059,135,71,163,2017,6086.0,110707.0
1060,135,74,163,2017,0.0,13221.0
1061,135,77,163,2017,1741676.0,2149.0
1062,135,81,163,2017,0.0,22602.0
1063,135,97,163,2017,0.0,1801450.0
1064,135,102,163,2017,0.0,42668.0
1065,135,103,163,2017,0.0,53438.0
1066,135,104,163,2017,0.0,147160.0
1067,135,106,163,2017,20523.0,0.0
1068,135,111,163,2017,20526556.0,4679221.0
1069,135,114,163,2017,450983.0,587.0
1070,135,118,163,2017,0.0,108794.0
1071,135,121,163,2017,859277.0,2363.0
1072,135,122,163,2017,31700.0,0.0
1073,135,130,163,2017,4563.0,120762.0
1074,135,162,163,2017,0.0,36910.0
1075,135,163,163,2017,125058.0,0.0
1076,135,166,163,2017,3918.0,0.0
1077,135,174,163,2017,0.0,876.0
1078,135,177,163,2017,545480.0,392600.0
1079,135,179,163,2017,0.0,48838.0
1080,135,188,163,2017,26561.0,0.0
1081,135,192,163,2017,3402.0,0.0
1082,135,206,163,2017,52787.0,76556.0
1083,135,207,163,2017,238037.0,1968.0
1084,135,208,163,2017,13604.0,0.0
1085,135,216,163,2017,22977.0,7036.0
1086,135,224,163,2017,175758.0,3420137.0
1087,135,230,163,2017,182221.0,0.0
1088,135,231,163,2017,2506028.0,46637.0
1089,135,246,163,2017,151847.0,0.0
1090,135,249,163,2017,8911.0,335.0
1091,135,250,163,2017,32605.0,40208.0
1092,135,59,163,2017,164136.0,32244.0
1093,135,124,163,2017,108959.0,0.0
1094,135,131,163,2017,12172.0,0.0
1095,135,168,163,2017,0.0,7068.0
1096,135,110,163,2017,0.0,5948.0
1097,135,115,163,2017,90439.0,0.0
1098,135,183,163,2017,19694.0,0.0
1099,135,228,163,2017,317594.0,3401909.0
1100,135,14,163,2017,53220.0,0.0
1101,135,185,163,2017,16076727.0,3632885.0
1102,135,186,163,2017,5892847.0,547604.0
1103,135,145,163,2017,4391.0,0.0
1104,135,140,163,2017,2465.0,1103.0
1105,135,134,163,2017,35627.0,14198.0
1106,135,239,163,2017,0.0,875079.0
1107,135,22,163,2017,0.0,95618.0
1108,135,143,163,2017,0.0,31923.0
1109,135,16,163,2017,6087.0,0.0
1110,135,26,163,2017,8812.0,9253.0
1111,135,28,163,2017,1601868.0,124465.0
1112,135,100,163,2017,0.0,1736.0
1113,135,132,163,2017,0.0,1100.0
1114,135,201,163,2017,40407.0,62546.0
1115,135,217,163,2017,146246.0,0.0
1116,135,223,163,2017,21664.0,41768.0
1117,135,232,163,2017,229987.0,0.0
1118,135,4,163,2017,0.0,35029.0
1119,135,144,163,2017,69975.0,0.0
1120,135,109,163,2017,3769.0,0.0
1121,135,7,185,2017,13750.0,349643.0
1122,135,8,185,2017,0.0,70814.0
1123,135,15,185,2017,49354.0,6591685.0
1124,135,18,185,2017,2332462.0,8729308.0
1125,135,23,185,2017,323134.0,742112.0
1126,135,32,185,2017,0.0,135570.0
1127,135,39,185,2017,0.0,115357.0
1128,135,41,185,2017,38410.0,2395163.0
1129,135,43,185,2017,0.0,3412599.0
1130,135,52,185,2017,0.0,5448.0
1131,135,61,185,2017,1837847.0,84830087.0
1132,135,64,185,2017,0.0,739369.0
1133,135,71,185,2017,12226.0,1785954.0
1134,135,74,185,2017,0.0,357066.0
1135,135,77,185,2017,49593.0,4595954.0
1136,135,81,185,2017,19617.0,14173182.0
1137,135,90,185,2017,6500.0,440882.0
1138,135,97,185,2017,3003.0,0.0
1139,135,102,185,2017,19628.0,7759558.0
1140,135,103,185,2017,0.0,3945.0
1141,135,104,185,2017,0.0,226154.0
1142,135,106,185,2017,0.0,14067.0
1143,135,111,185,2017,137745.0,11746436.0
1144,135,113,185,2017,8125.0,0.0
1145,135,114,185,2017,0.0,1628548.0
1146,135,118,185,2017,0.0,27307.0
1147,135,121,185,2017,0.0,2257032.0
1148,135,130,185,2017,98977.0,6978972.0
1149,135,138,185,2017,0.0,325435.0
1150,135,153,185,2017,0.0,10773.0
1151,135,162,185,2017,68270.0,9946907.0
1152,135,163,185,2017,4523.0,132220.0
1153,135,177,185,2017,23942.0,14631529.0
1154,135,179,185,2017,6017.0,68498.0
1155,135,192,185,2017,17793.0,7053.0
1156,135,206,185,2017,0.0,3524523.0
1157,135,207,185,2017,0.0,525711.0
1158,135,208,185,2017,0.0,2455939.0
1159,135,216,185,2017,1383.0,54122.0
1160,135,224,185,2017,1549.0,8382682.0
1161,135,231,185,2017,6167.0,2178710.0
1162,135,246,185,2017,0.0,111088.0
1163,135,249,185,2017,0.0,308669.0
1164,135,250,185,2017,0.0,7062.0
1165,135,59,185,2017,3856.0,20064149.0
1166,135,131,185,2017,3274.0,58727.0
1167,135,107,185,2017,0.0,7699.0
1168,135,110,185,2017,0.0,1681.0
1169,135,115,185,2017,139427.0,0.0
1170,135,183,185,2017,1850.0,0.0
1171,135,212,185,2017,1519.0,0.0
1172,135,228,185,2017,2769822.0,1750395.0
1173,135,14,185,2017,0.0,2038.0
1174,135,185,185,2017,1326719.0,33445113.0
1175,135,186,185,2017,1268041.0,7722154.0
1176,135,134,185,2017,0.0,325950.0
1177,135,159,185,2017,1447.0,0.0
1178,135,142,185,2017,0.0,12243.0
1179,135,72,185,2017,8641.0,109675.0
1180,135,143,185,2017,1145.0,0.0
1181,135,16,185,2017,92948.0,0.0
1182,135,26,185,2017,0.0,30984.0
1183,135,28,185,2017,90870.0,13801260.0
1184,135,68,185,2017,7549.0,612.0
1185,135,82,185,2017,43392.0,4147.0
1186,135,100,185,2017,0.0,31610.0
1187,135,108,185,2017,1192.0,0.0
1188,135,117,185,2017,4842.0,31518.0
1189,135,132,185,2017,868.0,786031.0
1190,135,201,185,2017,14555.0,34023.0
1191,135,223,185,2017,0.0,2821.0
1192,135,232,185,2017,0.0,249139.0
1193,135,9,185,2017,1471.0,0.0
1194,135,83,185,2017,4683.0,0.0
1195,135,7,107,2017,25926.0,0.0
1196,135,8,107,2017,0.0,543855.0
1197,135,15,107,2017,7829578.0,1198223.0
1198,135,18,107,2017,1179999.0,3058.0
1199,135,23,107,2017,899519.0,8873.0
1200,135,24,107,2017,4427.0,0.0
1201,135,32,107,2017,0.0,113665.0
1202,135,39,107,2017,701963.0,0.0
1203,135,41,107,2017,2433373.0,44652.0
1204,135,42,107,2017,0.0,158127.0
1205,135,43,107,2017,62918.0,389564.0
1206,135,49,107,2017,0.0,27607.0
1207,135,52,107,2017,0.0,871335.0
1208,135,58,107,2017,164083.0,61021.0
1209,135,61,107,2017,17468610.0,1499470.0
1210,135,64,107,2017,973606.0,0.0
1211,135,67,107,2017,0.0,1271640.0
1212,135,71,107,2017,1810935.0,2184780.0
1213,135,74,107,2017,268724.0,0.0
1214,135,77,107,2017,23855840.0,5120509.0
1215,135,81,107,2017,2344444.0,33829.0
1216,135,90,107,2017,2217000.0,1837736.0
1217,135,102,107,2017,133791.0,0.0
1218,135,103,107,2017,0.0,12747.0
1219,135,104,107,2017,0.0,34195.0
1220,135,106,107,2017,21909.0,0.0
1221,135,111,107,2017,5633971.0,475564.0
1222,135,113,107,2017,0.0,6078.0
1223,135,114,107,2017,1579.0,0.0
1224,135,122,107,2017,1183.0,0.0
1225,135,130,107,2017,679005.0,0.0
1226,135,138,107,2017,0.0,35854.0
1227,135,153,107,2017,0.0,1474.0
1228,135,162,107,2017,7239148.0,3246233.0
1229,135,163,107,2017,97287.0,0.0
1230,135,173,107,2017,0.0,274474.0
1231,135,177,107,2017,6824921.0,737061.0
1232,135,179,107,2017,181491.0,0.0
1233,135,188,107,2017,33960.0,5521.0
1234,135,206,107,2017,150487.0,4860.0
1235,135,207,107,2017,43462.0,0.0
1236,135,208,107,2017,178711.0,1712.0
1237,135,216,107,2017,0.0,70.0
1238,135,224,107,2017,4320357.0,7633506.0
1239,135,230,107,2017,0.0,3386.0
1240,135,231,107,2017,3154448.0,77697.0
1241,135,246,107,2017,0.0,89257.0
1242,135,250,107,2017,34162.0,588494.0
1243,135,59,107,2017,804293.0,2854.0
1244,135,124,107,2017,452092.0,0.0
1245,135,131,107,2017,4922.0,0.0
1246,135,168,107,2017,0.0,5399.0
1247,135,107,107,2017,0.0,519695.0
1248,135,110,107,2017,0.0,117349.0
1249,135,115,107,2017,106649.0,0.0
1250,135,228,107,2017,1980932.0,889366.0
1251,135,14,107,2017,283874.0,2152.0
1252,135,185,107,2017,19629645.0,702813.0
1253,135,186,107,2017,141229024.0,85072.0
1254,135,145,107,2017,306475.0,0.0
1255,135,44,107,2017,0.0,24709.0
1256,135,140,107,2017,776655.0,153810.0
1257,135,134,107,2017,0.0,2476.0
1258,135,239,107,2017,0.0,157241.0
1259,135,72,107,2017,710628.0,0.0
1260,135,16,107,2017,934010.0,13881.0
1261,135,26,107,2017,798303.0,0.0
1262,135,28,107,2017,8927037.0,0.0
1263,135,68,107,2017,0.0,242127.0
1264,135,82,107,2017,18178.0,5234.0
1265,135,100,107,2017,198068.0,0.0
1266,135,108,107,2017,2049216.0,0.0
1267,135,117,107,2017,0.0,170647.0
1268,135,132,107,2017,1316013.0,0.0
1269,135,201,107,2017,42302.0,3938.0
1270,135,209,107,2017,482159.0,0.0
1271,135,223,107,2017,0.0,11821.0
1272,135,232,107,2017,30959.0,1320269.0
1273,135,4,107,2017,73698.0,16744.0
1274,135,144,107,2017,232539.0,0.0
1275,135,9,107,2017,114127.0,0.0
1276,135,66,107,2017,91852.0,0.0
1277,135,83,107,2017,0.0,3055.0
1278,135,109,107,2017,17451.0,0.0
1279,135,126,107,2017,11797.0,0.0
1280,135,198,107,2017,56708.0,0.0
1281,135,7,108,2017,10530.0,58927.0
1282,135,15,108,2017,0.0,377778.0
1283,135,18,108,2017,0.0,940.0
1284,135,23,108,2017,0.0,137854.0
1285,135,32,108,2017,0.0,53631.0
1286,135,41,108,2017,13396.0,7660.0
1287,135,43,108,2017,0.0,169702.0
1288,135,49,108,2017,0.0,2040.0
1289,135,52,108,2017,0.0,15445.0
1290,135,61,108,2017,0.0,1027642.0
1291,135,71,108,2017,0.0,34154.0
1292,135,77,108,2017,0.0,148974.0
1293,135,81,108,2017,61562.0,8494.0
1294,135,90,108,2017,0.0,7236.0
1295,135,102,108,2017,0.0,6622.0
1296,135,103,108,2017,0.0,7615.0
1297,135,104,108,2017,0.0,56844.0
1298,135,111,108,2017,0.0,2528188.0
1299,135,113,108,2017,0.0,5833.0
1300,135,114,108,2017,0.0,310.0
1301,135,130,108,2017,0.0,23590.0
1302,135,138,108,2017,0.0,7839.0
1303,135,153,108,2017,0.0,179.0
1304,135,162,108,2017,115983.0,290847.0
1305,135,173,108,2017,0.0,12678.0
1306,135,177,108,2017,1635387.0,650614.0
1307,135,179,108,2017,0.0,6883.0
1308,135,206,108,2017,0.0,15462.0
1309,135,207,108,2017,0.0,5524.0
1310,135,216,108,2017,0.0,103.0
1311,135,224,108,2017,0.0,42245.0
1312,135,231,108,2017,1709.0,1983.0
1313,135,250,108,2017,184229.0,0.0
1314,135,59,108,2017,0.0,17115.0
1315,135,124,108,2017,7011.0,0.0
1316,135,107,108,2017,0.0,35708.0
1317,135,128,108,2017,0.0,611842.0
1318,135,228,108,2017,1474.0,1850953.0
1319,135,185,108,2017,26405.0,2195299.0
1320,135,186,108,2017,20161.0,6314922.0
1321,135,239,108,2017,0.0,409045.0
1322,135,16,108,2017,0.0,58575.0
1323,135,28,108,2017,5405.0,132609.0
1324,135,68,108,2017,0.0,3230.0
1325,135,82,108,2017,0.0,31590.0
1326,135,100,108,2017,0.0,22283.0
1327,135,132,108,2017,0.0,24694.0
1328,135,164,108,2017,18987.0,0.0
1329,135,232,108,2017,0.0,2725.0
1330,135,109,108,2017,7752.0,0.0
1331,135,136,108,2017,0.0,29915.0
1332,135,15,130,2017,0.0,150505.0
1333,135,18,130,2017,0.0,205289.0
1334,135,42,130,2017,0.0,5009.0
1335,135,43,130,2017,0.0,178331.0
1336,135,61,130,2017,0.0,1092913.0
1337,135,71,130,2017,0.0,255016.0
1338,135,74,130,2017,0.0,60859.0
1339,135,77,130,2017,0.0,590382.0
1340,135,81,130,2017,0.0,211022.0
1341,135,90,130,2017,0.0,1284002.0
1342,135,102,130,2017,0.0,253332.0
1343,135,111,130,2017,0.0,677217.0
1344,135,113,130,2017,0.0,61343.0
1345,135,130,130,2017,0.0,113848.0
1346,135,162,130,2017,0.0,570598.0
1347,135,163,130,2017,0.0,21970.0
1348,135,177,130,2017,0.0,795800.0
1349,135,188,130,2017,0.0,44944.0
1350,135,206,130,2017,0.0,196621.0
1351,135,224,130,2017,0.0,169070.0
1352,135,231,130,2017,0.0,2903.0
1353,135,246,130,2017,0.0,53607.0
1354,135,59,130,2017,0.0,1199.0
1355,135,110,130,2017,0.0,108583.0
1356,135,115,130,2017,0.0,105922.0
1357,135,228,130,2017,2277.0,2210964.0
1358,135,185,130,2017,65642.0,3941936.0
1359,135,186,130,2017,0.0,50651230.0
1360,135,28,130,2017,0.0,832631.0
1361,135,152,130,2017,226158.0,0.0
1362,135,232,130,2017,0.0,527200.0
1363,135,7,132,2017,5054.0,63804.0
1364,135,15,132,2017,1748192.0,343404.0
1365,135,18,132,2017,0.0,291828.0
1366,135,23,132,2017,485671.0,673944.0
1367,135,32,132,2017,0.0,6762.0
1368,135,39,132,2017,53163.0,9068.0
1369,135,41,132,2017,184597.0,270034.0
1370,135,43,132,2017,0.0,251224.0
1371,135,58,132,2017,0.0,7757.0
1372,135,61,132,2017,1101055.0,10116002.0
1373,135,64,132,2017,7691.0,12790.0
1374,135,71,132,2017,87917.0,572346.0
1375,135,74,132,2017,0.0,31016.0
1376,135,77,132,2017,422400.0,1897829.0
1377,135,81,132,2017,780.0,1225275.0
1378,135,90,132,2017,0.0,144907.0
1379,135,102,132,2017,0.0,1773370.0
1380,135,103,132,2017,0.0,132.0
1381,135,104,132,2017,0.0,34587.0
1382,135,106,132,2017,0.0,74024.0
1383,135,111,132,2017,0.0,2644031.0
1384,135,113,132,2017,0.0,3317.0
1385,135,114,132,2017,28117.0,2972.0
1386,135,121,132,2017,0.0,85313.0
1387,135,122,132,2017,2345.0,0.0
1388,135,130,132,2017,18884.0,290108.0
1389,135,138,132,2017,0.0,4162.0
1390,135,153,132,2017,0.0,125.0
1391,135,162,132,2017,150998.0,1006982.0
1392,135,163,132,2017,0.0,8887.0
1393,135,174,132,2017,0.0,2801.0
1394,135,177,132,2017,710222.0,2775695.0
1395,135,179,132,2017,0.0,4143.0
1396,135,188,132,2017,0.0,795.0
1397,135,190,132,2017,8258.0,0.0
1398,135,206,132,2017,0.0,255298.0
1399,135,207,132,2017,0.0,606990.0
1400,135,208,132,2017,0.0,258333.0
1401,135,216,132,2017,0.0,2712.0
1402,135,224,132,2017,6199.0,2264460.0
1403,135,231,132,2017,88843.0,214112.0
1404,135,246,132,2017,0.0,799.0
1405,135,249,132,2017,0.0,3737.0
1406,135,250,132,2017,6212804.0,1581.0
1407,135,59,132,2017,139374.0,560372.0
1408,135,131,132,2017,2994.0,6990.0
1409,135,110,132,2017,3764.0,465186.0
1410,135,228,132,2017,293028.0,4771823.0
1411,135,14,132,2017,0.0,1679.0
1412,135,185,132,2017,618422.0,16371867.0
1413,135,186,132,2017,1116742.0,8205342.0
1414,135,239,132,2017,0.0,83463.0
1415,135,72,132,2017,0.0,163608.0
1416,135,28,132,2017,31824.0,890743.0
1417,135,68,132,2017,0.0,2875.0
1418,135,82,132,2017,962.0,0.0
1419,135,132,132,2017,114132.0,75345.0
1420,135,167,132,2017,0.0,14403.0
1421,135,201,132,2017,941.0,0.0
1422,135,223,132,2017,964.0,5891.0
1423,135,198,132,2017,0.0,3407.0
1424,135,7,138,2017,137140.0,140008.0
1425,135,8,138,2017,0.0,1548.0
1426,135,15,138,2017,478806.0,4955612.0
1427,135,18,138,2017,127070.0,1737264.0
1428,135,23,138,2017,74968.0,5796123.0
1429,135,32,138,2017,1641353.0,2703.0
1430,135,39,138,2017,449196.0,34190.0
1431,135,41,138,2017,16805.0,664058.0
1432,135,43,138,2017,97182.0,5209996.0
1433,135,49,138,2017,1100247.0,0.0
1434,135,58,138,2017,2360.0,80081.0
1435,135,61,138,2017,166464.0,26684433.0
1436,135,64,138,2017,2258.0,47627.0
1437,135,71,138,2017,135097.0,607436.0
1438,135,74,138,2017,1932.0,428740.0
1439,135,77,138,2017,411994.0,986962.0
1440,135,81,138,2017,194436.0,1986626.0
1441,135,90,138,2017,43378.0,1115010.0
1442,135,97,138,2017,34366.0,55182.0
1443,135,102,138,2017,127336.0,3531234.0
1444,135,103,138,2017,13136.0,15639.0
1445,135,104,138,2017,0.0,58299.0
1446,135,106,138,2017,6754.0,35998.0
1447,135,111,138,2017,3321800.0,13817589.0
1448,135,113,138,2017,0.0,137167.0
1449,135,114,138,2017,15450.0,33798.0
1450,135,121,138,2017,0.0,295226.0
1451,135,122,138,2017,4628.0,0.0
1452,135,130,138,2017,219265.0,2654391.0
1453,135,138,138,2017,6325.0,2143.0
1454,135,153,138,2017,8650.0,10170.0
1455,135,162,138,2017,182620.0,1402468.0
1456,135,163,138,2017,11254.0,17081.0
1457,135,177,138,2017,141434.0,14574232.0
1458,135,179,138,2017,0.0,104385.0
1459,135,188,138,2017,3456978.0,278982.0
1460,135,192,138,2017,9180.0,41262.0
1461,135,206,138,2017,0.0,967051.0
1462,135,207,138,2017,0.0,144284.0
1463,135,208,138,2017,6725.0,287579.0
1464,135,216,138,2017,0.0,11388.0
1465,135,224,138,2017,98921.0,13723117.0
1466,135,231,138,2017,2817034.0,304640.0
1467,135,249,138,2017,50459.0,133973.0
1468,135,250,138,2017,125350.0,114591.0
1469,135,59,138,2017,1829034.0,4786593.0
1470,135,124,138,2017,10339.0,556879.0
1471,135,131,138,2017,4100.0,9553.0
1472,135,168,138,2017,0.0,554.0
1473,135,107,138,2017,0.0,233944.0
1474,135,110,138,2017,62489.0,367513.0
1475,135,115,138,2017,265738.0,0.0
1476,135,128,138,2017,0.0,2303.0
1477,135,183,138,2017,8010.0,0.0
1478,135,228,138,2017,612518.0,31554954.0
1479,135,14,138,2017,1520.0,1140.0
1480,135,185,138,2017,4524931.0,48156051.0
1481,135,186,138,2017,8396371.0,18148057.0
1482,135,140,138,2017,110076.0,124101.0
1483,135,134,138,2017,36716.0,4919.0
1484,135,239,138,2017,2266.0,15671.0
1485,135,159,138,2017,64785.0,0.0
1486,135,72,138,2017,1465.0,130293.0
1487,135,16,138,2017,93908.0,0.0
1488,135,26,138,2017,885.0,8031.0
1489,135,28,138,2017,1479161.0,7448778.0
1490,135,68,138,2017,35800.0,185246.0
1491,135,82,138,2017,127704.0,28071.0
1492,135,100,138,2017,15174.0,39081.0
1493,135,117,138,2017,11388.0,0.0
1494,135,132,138,2017,0.0,254998.0
1495,135,167,138,2017,73108.0,105643.0
1496,135,201,138,2017,16686.0,2103900.0
1497,135,217,138,2017,11893.0,0.0
1498,135,223,138,2017,22775.0,2230.0
1499,135,232,138,2017,48553.0,0.0
1500,135,9,138,2017,57514.0,60658.0
1501,135,66,138,2017,4695.0,0.0
1502,135,109,138,2017,9142.0,0.0
1503,135,7,139,2017,18801.0,24171.0
1504,135,8,139,2017,0.0,240758.0
1505,135,15,139,2017,0.0,116540.0
1506,135,18,139,2017,0.0,374972.0
1507,135,23,139,2017,0.0,162408.0
1508,135,32,139,2017,0.0,56768.0
1509,135,39,139,2017,0.0,14580.0
1510,135,41,139,2017,0.0,70482.0
1511,135,43,139,2017,0.0,1738001.0
1512,135,61,139,2017,67437.0,3905643.0
1513,135,64,139,2017,0.0,82545.0
1514,135,71,139,2017,0.0,155795.0
1515,135,74,139,2017,0.0,43280.0
1516,135,77,139,2017,0.0,470444.0
1517,135,81,139,2017,20279.0,282912.0
1518,135,90,139,2017,0.0,52308.0
1519,135,97,139,2017,0.0,9959.0
1520,135,102,139,2017,0.0,601554.0
1521,135,103,139,2017,0.0,19995.0
1522,135,104,139,2017,0.0,138177.0
1523,135,106,139,2017,0.0,8758.0
1524,135,111,139,2017,82349.0,2454619.0
1525,135,114,139,2017,0.0,37686.0
1526,135,121,139,2017,0.0,440095.0
1527,135,122,139,2017,848.0,0.0
1528,135,130,139,2017,7970.0,74898.0
1529,135,138,139,2017,0.0,47248.0
1530,135,153,139,2017,0.0,60912.0
1531,135,162,139,2017,23649.0,484394.0
1532,135,174,139,2017,0.0,8665.0
1533,135,177,139,2017,3467.0,3059317.0
1534,135,179,139,2017,0.0,129199.0
1535,135,192,139,2017,0.0,897.0
1536,135,206,139,2017,0.0,968085.0
1537,135,207,139,2017,0.0,189665.0
1538,135,208,139,2017,0.0,35171.0
1539,135,216,139,2017,0.0,13457.0
1540,135,224,139,2017,9434.0,4156127.0
1541,135,231,139,2017,0.0,146884.0
1542,135,246,139,2017,0.0,462.0
1543,135,249,139,2017,0.0,49221.0
1544,135,250,139,2017,0.0,13115.0
1545,135,59,139,2017,0.0,784399.0
1546,135,131,139,2017,0.0,70690.0
1547,135,110,139,2017,4583.0,36604.0
1548,135,115,139,2017,23031.0,0.0
1549,135,128,139,2017,0.0,35574.0
1550,135,228,139,2017,108063.0,4391535.0
1551,135,185,139,2017,394630.0,7362615.0
1552,135,186,139,2017,1169964.0,17396328.0
1553,135,140,139,2017,0.0,2355.0
1554,135,239,139,2017,0.0,8588.0
1555,135,72,139,2017,0.0,125744.0
1556,135,16,139,2017,2579.0,0.0
1557,135,28,139,2017,53555.0,2068703.0
1558,135,82,139,2017,2673.0,17584.0
1559,135,117,139,2017,0.0,8172.0
1560,135,132,139,2017,0.0,296328.0
1561,135,201,139,2017,0.0,40582.0
1562,135,7,160,2017,1169170.0,1145.0
1563,135,15,160,2017,753496.0,77562.0
1564,135,18,160,2017,1053837.0,58565.0
1565,135,23,160,2017,11443.0,452201.0
1566,135,24,160,2017,82735.0,0.0
1567,135,32,160,2017,35226.0,1274.0
1568,135,39,160,2017,515365.0,0.0
1569,135,41,160,2017,1101340.0,2895.0
1570,135,42,160,2017,1676.0,0.0
1571,135,43,160,2017,3137823.0,1815801.0
1572,135,49,160,2017,18322.0,0.0
1573,135,61,160,2017,8784933.0,1048115.0
1574,135,64,160,2017,0.0,45825.0
1575,135,71,160,2017,214625.0,128928.0
1576,135,74,160,2017,108612.0,1008.0
1577,135,77,160,2017,3671835.0,46029.0
1578,135,81,160,2017,10294075.0,47175.0
1579,135,90,160,2017,0.0,3763.0
1580,135,97,160,2017,2145.0,3416.0
1581,135,102,160,2017,0.0,112149.0
1582,135,103,160,2017,23165.0,5383.0
1583,135,104,160,2017,0.0,65424.0
1584,135,106,160,2017,692849.0,0.0
1585,135,111,160,2017,27324873.0,6580458.0
1586,135,113,160,2017,11285.0,665.0
1587,135,114,160,2017,2246006.0,0.0
1588,135,118,160,2017,0.0,254574.0
1589,135,121,160,2017,1579691.0,698.0
1590,135,122,160,2017,637424.0,0.0
1591,135,130,160,2017,0.0,56230.0
1592,135,138,160,2017,44462.0,0.0
1593,135,153,160,2017,0.0,1343.0
1594,135,162,160,2017,99829.0,363153.0
1595,135,163,160,2017,398615.0,0.0
1596,135,166,160,2017,57507.0,0.0
1597,135,173,160,2017,0.0,4340.0
1598,135,174,160,2017,0.0,2605.0
1599,135,177,160,2017,482288.0,582385.0
1600,135,179,160,2017,0.0,11551.0
1601,135,188,160,2017,243025.0,0.0
1602,135,192,160,2017,70325.0,1382.0
1603,135,206,160,2017,114463.0,7713.0
1604,135,207,160,2017,30810.0,0.0
1605,135,208,160,2017,17193.0,7917.0
1606,135,216,160,2017,34992.0,1012.0
1607,135,224,160,2017,16852980.0,15672941.0
1608,135,231,160,2017,2352837.0,14091.0
1609,135,246,160,2017,62929.0,0.0
1610,135,249,160,2017,299924.0,2724.0
1611,135,250,160,2017,219270.0,128244.0
1612,135,59,160,2017,1360016.0,94574.0
1613,135,124,160,2017,167851.0,0.0
1614,135,131,160,2017,12494.0,0.0
1615,135,168,160,2017,0.0,28437.0
1616,135,110,160,2017,0.0,1288.0
1617,135,115,160,2017,398545.0,0.0
1618,135,128,160,2017,0.0,34560.0
1619,135,183,160,2017,106379.0,0.0
1620,135,228,160,2017,44403.0,752854.0
1621,135,14,160,2017,170956.0,0.0
1622,135,185,160,2017,5758995.0,2002754.0
1623,135,186,160,2017,14500997.0,9497471.0
1624,135,145,160,2017,989.0,0.0
1625,135,140,160,2017,11839.0,3046.0
1626,135,134,160,2017,29703.0,17408.0
1627,135,239,160,2017,0.0,143003.0
1628,135,22,160,2017,0.0,2979756.0
1629,135,72,160,2017,20866.0,0.0
1630,135,143,160,2017,4641.0,5155.0
1631,135,16,160,2017,55574.0,0.0
1632,135,26,160,2017,29775.0,2746.0
1633,135,28,160,2017,425514.0,1974299.0
1634,135,68,160,2017,5035.0,40122.0
1635,135,82,160,2017,9149.0,2597.0
1636,135,100,160,2017,0.0,25111.0
1637,135,132,160,2017,0.0,149047.0
1638,135,167,160,2017,972.0,0.0
1639,135,201,160,2017,36531.0,147312.0
1640,135,217,160,2017,17550.0,0.0
1641,135,223,160,2017,25606.0,49280.0
1642,135,232,160,2017,0.0,570464.0
1643,135,4,160,2017,0.0,18529.0
1644,135,144,160,2017,8564.0,0.0
1645,135,9,160,2017,65582.0,0.0
1646,135,109,160,2017,1362.0,0.0
1647,135,136,160,2017,0.0,6420.0
1648,135,247,160,2017,177958.0,0.0
1649,135,18,187,2017,0.0,14827.0
1650,135,23,187,2017,17235.0,0.0
1651,135,39,187,2017,0.0,2173.0
1652,135,43,187,2017,0.0,16324.0
1653,135,61,187,2017,0.0,224113.0
1654,135,90,187,2017,0.0,15941.0
1655,135,102,187,2017,0.0,7676.0
1656,135,103,187,2017,7813.0,0.0
1657,135,114,187,2017,0.0,1396.0
1658,135,162,187,2017,0.0,8018.0
1659,135,177,187,2017,0.0,11307.0
1660,135,224,187,2017,1364046.0,0.0
1661,135,231,187,2017,0.0,6596.0
1662,135,228,187,2017,154875.0,23087.0
1663,135,185,187,2017,0.0,17551.0
1664,135,72,187,2017,0.0,7070.0
1665,135,15,124,2017,0.0,13075.0
1666,135,18,124,2017,0.0,9186.0
1667,135,23,124,2017,0.0,159822.0
1668,135,43,124,2017,0.0,8507.0
1669,135,61,124,2017,2033.0,163677.0
1670,135,64,124,2017,0.0,1060.0
1671,135,71,124,2017,0.0,24683.0
1672,135,74,124,2017,0.0,3250.0
1673,135,77,124,2017,0.0,40858.0
1674,135,81,124,2017,0.0,13461.0
1675,135,90,124,2017,0.0,123993.0
1676,135,97,124,2017,25986.0,0.0
1677,135,102,124,2017,0.0,56945.0
1678,135,104,124,2017,0.0,13509.0
1679,135,111,124,2017,0.0,234381.0
1680,135,130,124,2017,0.0,5871.0
1681,135,162,124,2017,0.0,8581.0
1682,135,177,124,2017,964.0,187524.0
1683,135,206,124,2017,0.0,834210.0
1684,135,224,124,2017,2805.0,1170862.0
1685,135,231,124,2017,5643.0,22389.0
1686,135,59,124,2017,0.0,48037.0
1687,135,168,124,2017,0.0,2090.0
1688,135,228,124,2017,4563289.0,5177566.0
1689,135,185,124,2017,4321643.0,2800130.0
1690,135,186,124,2017,38768.0,187369.0
1691,135,16,124,2017,86063.0,0.0
1692,135,28,124,2017,2654823.0,608035.0
1693,135,68,124,2017,0.0,20342.0
1694,135,82,124,2017,9602.0,3482.0
1695,135,100,124,2017,0.0,5324.0
1696,135,132,124,2017,0.0,10181.0
1697,135,201,124,2017,0.0,53032.0
1698,135,232,124,2017,2930.0,0.0
1699,135,7,147,2017,1174.0,1627.0
1700,135,15,147,2017,0.0,870664.0
1701,135,18,147,2017,0.0,448853.0
1702,135,23,147,2017,334026.0,2154031.0
1703,135,39,147,2017,1621.0,931.0
1704,135,41,147,2017,48502.0,1135444.0
1705,135,42,147,2017,0.0,3239.0
1706,135,43,147,2017,0.0,892304.0
1707,135,49,147,2017,0.0,469.0
1708,135,61,147,2017,16380.0,3949468.0
1709,135,64,147,2017,0.0,10801.0
1710,135,71,147,2017,59720.0,370344.0
1711,135,74,147,2017,0.0,1716746.0
1712,135,77,147,2017,11162.0,815131.0
1713,135,81,147,2017,16021.0,487628.0
1714,135,90,147,2017,14336.0,172053.0
1715,135,97,147,2017,0.0,9626.0
1716,135,102,147,2017,0.0,3550964.0
1717,135,103,147,2017,0.0,85190.0
1718,135,104,147,2017,0.0,1249.0
1719,135,106,147,2017,0.0,447.0
1720,135,111,147,2017,1426356.0,5503782.0
1721,135,114,147,2017,0.0,6355.0
1722,135,121,147,2017,0.0,22739.0
1723,135,130,147,2017,546278.0,150098.0
1724,135,138,147,2017,0.0,948.0
1725,135,153,147,2017,0.0,179.0
1726,135,162,147,2017,10094.0,298769.0
1727,135,177,147,2017,9321.0,7224186.0
1728,135,179,147,2017,0.0,15461.0
1729,135,188,147,2017,0.0,1084.0
1730,135,206,147,2017,13082.0,1462886.0
1731,135,207,147,2017,3780.0,360063.0
1732,135,208,147,2017,0.0,438808.0
1733,135,216,147,2017,0.0,392.0
1734,135,224,147,2017,41219.0,6409523.0
1735,135,231,147,2017,18354.0,29014.0
1736,135,249,147,2017,0.0,2971.0
1737,135,250,147,2017,5562.0,0.0
1738,135,59,147,2017,20961.0,2905412.0
1739,135,131,147,2017,0.0,202965.0
1740,135,107,147,2017,0.0,2390.0
1741,135,110,147,2017,4583.0,3487.0
1742,135,183,147,2017,2961.0,0.0
1743,135,228,147,2017,554662.0,17927355.0
1744,135,14,147,2017,0.0,18297.0
1745,135,185,147,2017,1783421.0,14004436.0
1746,135,186,147,2017,2836423.0,14103689.0
1747,135,239,147,2017,0.0,54600.0
1748,135,72,147,2017,0.0,10059.0
1749,135,16,147,2017,735407.0,0.0
1750,135,28,147,2017,20613.0,1428135.0
1751,135,68,147,2017,25649.0,0.0
1752,135,82,147,2017,236478.0,0.0
1753,135,100,147,2017,0.0,21687.0
1754,135,117,147,2017,3560.0,0.0
1755,135,132,147,2017,0.0,114986.0
1756,135,201,147,2017,29136.0,913801.0
1757,135,217,147,2017,1728.0,0.0
1758,135,219,147,2017,10588.0,0.0
1759,135,232,147,2017,0.0,3078.0
1760,135,9,147,2017,7872.0,0.0
1761,135,7,172,2017,28519.0,17878.0
1762,135,8,172,2017,0.0,1355.0
1763,135,15,172,2017,568323.0,479475.0
1764,135,18,172,2017,3117283.0,784635.0
1765,135,23,172,2017,65494.0,1216372.0
1766,135,32,172,2017,0.0,21020.0
1767,135,39,172,2017,0.0,862.0
1768,135,41,172,2017,4620.0,204210.0
1769,135,43,172,2017,0.0,2610686.0
1770,135,61,172,2017,997068.0,3933873.0
1771,135,64,172,2017,0.0,57998.0
1772,135,71,172,2017,0.0,234694.0
1773,135,74,172,2017,0.0,13966.0
1774,135,77,172,2017,69495.0,321375.0
1775,135,81,172,2017,3644.0,350834.0
1776,135,90,172,2017,0.0,126512.0
1777,135,97,172,2017,0.0,5217.0
1778,135,102,172,2017,0.0,1569798.0
1779,135,103,172,2017,0.0,783.0
1780,135,104,172,2017,0.0,58058.0
1781,135,111,172,2017,154591.0,4067698.0
1782,135,114,172,2017,3605.0,4699.0
1783,135,121,172,2017,0.0,10936.0
1784,135,130,172,2017,23245.0,350852.0
1785,135,138,172,2017,0.0,503.0
1786,135,153,172,2017,0.0,3444.0
1787,135,162,172,2017,157839.0,303098.0
1788,135,177,172,2017,92762.0,5098631.0
1789,135,179,172,2017,0.0,25340.0
1790,135,188,172,2017,29728.0,0.0
1791,135,192,172,2017,4354.0,9230.0
1792,135,206,172,2017,221800.0,149609.0
1793,135,207,172,2017,1494.0,421383.0
1794,135,208,172,2017,0.0,280812.0
1795,135,216,172,2017,0.0,1028.0
1796,135,224,172,2017,61051.0,9763792.0
1797,135,231,172,2017,22031.0,94512.0
1798,135,246,172,2017,0.0,1599.0
1799,135,249,172,2017,0.0,41778.0
1800,135,250,172,2017,0.0,17466.0
1801,135,59,172,2017,598739.0,1258876.0
1802,135,131,172,2017,0.0,6585.0
1803,135,168,172,2017,0.0,284.0
1804,135,110,172,2017,0.0,5269.0
1805,135,115,172,2017,24964.0,0.0
1806,135,128,172,2017,0.0,33085.0
1807,135,228,172,2017,521910.0,25508603.0
1808,135,14,172,2017,0.0,15736.0
1809,135,185,172,2017,2586027.0,24114529.0
1810,135,186,172,2017,3772564.0,6176855.0
1811,135,140,172,2017,0.0,1426.0
1812,135,239,172,2017,0.0,60222.0
1813,135,159,172,2017,630.0,0.0
1814,135,72,172,2017,0.0,18826.0
1815,135,16,172,2017,107715.0,16311.0
1816,135,26,172,2017,0.0,17236.0
1817,135,28,172,2017,221092.0,1862119.0
1818,135,68,172,2017,0.0,377.0
1819,135,82,172,2017,71551.0,0.0
1820,135,100,172,2017,0.0,11614.0
1821,135,132,172,2017,3283.0,2400.0
1822,135,201,172,2017,5533.0,276428.0
1823,135,144,172,2017,1350.0,0.0
1824,135,7,141,2017,459319.0,809.0
1825,135,15,141,2017,156409.0,24925.0
1826,135,18,141,2017,5810.0,53957.0
1827,135,23,141,2017,0.0,41147.0
1828,135,24,141,2017,33282.0,0.0
1829,135,32,141,2017,27408.0,0.0
1830,135,39,141,2017,302098.0,331.0
1831,135,41,141,2017,184473.0,4204.0
1832,135,43,141,2017,1385235.0,610125.0
1833,135,61,141,2017,946682.0,895730.0
1834,135,64,141,2017,0.0,23271.0
1835,135,71,141,2017,279758.0,43620.0
1836,135,74,141,2017,7448.0,0.0
1837,135,77,141,2017,731160.0,53847.0
1838,135,81,141,2017,66821.0,23226.0
1839,135,97,141,2017,0.0,39225.0
1840,135,102,141,2017,129632.0,19117813.0
1841,135,103,141,2017,46687.0,4142.0
1842,135,104,141,2017,0.0,43325.0
1843,135,111,141,2017,13095462.0,1255635.0
1844,135,114,141,2017,632792.0,0.0
1845,135,118,141,2017,0.0,4234.0
1846,135,121,141,2017,435460.0,25607.0
1847,135,122,141,2017,124594.0,0.0
1848,135,130,141,2017,4617.0,90318.0
1849,135,138,141,2017,0.0,1949.0
1850,135,153,141,2017,2655.0,0.0
1851,135,162,141,2017,153513.0,147840.0
1852,135,163,141,2017,11703.0,0.0
1853,135,166,141,2017,7871.0,0.0
1854,135,177,141,2017,80733.0,2542963.0
1855,135,179,141,2017,0.0,9727.0
1856,135,192,141,2017,69687.0,0.0
1857,135,206,141,2017,2493.0,120015.0
1858,135,207,141,2017,4081.0,0.0
1859,135,208,141,2017,1708.0,9223.0
1860,135,216,141,2017,150999.0,88.0
1861,135,224,141,2017,151329.0,369417.0
1862,135,231,141,2017,1940794.0,1725438.0
1863,135,246,141,2017,27910.0,0.0
1864,135,249,141,2017,216938.0,5710.0
1865,135,250,141,2017,389912.0,0.0
1866,135,59,141,2017,19546.0,64884.0
1867,135,124,141,2017,264769.0,0.0
1868,135,168,141,2017,0.0,3685.0
1869,135,115,141,2017,1619.0,0.0
1870,135,183,141,2017,132651.0,0.0
1871,135,228,141,2017,15302.0,444998.0
1872,135,14,141,2017,197051.0,0.0
1873,135,185,141,2017,190742.0,1166779.0
1874,135,186,141,2017,116354.0,123023.0
1875,135,145,141,2017,6551.0,0.0
1876,135,140,141,2017,80267.0,0.0
1877,135,134,141,2017,17482.0,0.0
1878,135,239,141,2017,0.0,139301.0
1879,135,22,141,2017,0.0,45842.0
1880,135,72,141,2017,26637.0,5759.0
1881,135,16,141,2017,5031.0,0.0
1882,135,26,141,2017,0.0,2028.0
1883,135,28,141,2017,47909.0,10137.0
1884,135,132,141,2017,0.0,8091.0
1885,135,201,141,2017,681.0,4109.0
1886,135,217,141,2017,1813.0,0.0
1887,135,223,141,2017,0.0,7577.0
1888,135,9,141,2017,12448.0,0.0
1889,135,84,141,2017,1902.0,0.0
1890,135,7,162,2017,5331.0,0.0
1891,135,15,162,2017,20873.0,297594.0
1892,135,18,162,2017,5771.0,95582.0
1893,135,23,162,2017,26791.0,128388.0
1894,135,39,162,2017,78797.0,14709.0
1895,135,41,162,2017,36531.0,79314.0
1896,135,43,162,2017,717865.0,2309680.0
1897,135,61,162,2017,2824852.0,5582363.0
1898,135,64,162,2017,0.0,5800.0
1899,135,71,162,2017,112526.0,15627.0
1900,135,74,162,2017,178986.0,4134.0
1901,135,77,162,2017,340261.0,46394.0
1902,135,81,162,2017,19682.0,41076.0
1903,135,90,162,2017,0.0,8662.0
1904,135,97,162,2017,6589.0,122167.0
1905,135,102,162,2017,33904.0,61349.0
1906,135,103,162,2017,990.0,256.0
1907,135,104,162,2017,0.0,145617.0
1908,135,106,162,2017,4477.0,0.0
1909,135,111,162,2017,20278999.0,664789.0
1910,135,114,162,2017,18158.0,629.0
1911,135,121,162,2017,18857.0,2746.0
1912,135,122,162,2017,16456.0,0.0
1913,135,130,162,2017,21893.0,49929.0
1914,135,138,162,2017,0.0,585.0
1915,135,162,162,2017,56052.0,180787.0
1916,135,163,162,2017,25207.0,1197.0
1917,135,173,162,2017,0.0,1051.0
1918,135,177,162,2017,1468799.0,676867.0
1919,135,179,162,2017,0.0,781.0
1920,135,192,162,2017,2966.0,0.0
1921,135,206,162,2017,538624.0,14438.0
1922,135,207,162,2017,64340.0,19322.0
1923,135,208,162,2017,641556.0,83192.0
1924,135,216,162,2017,83477.0,0.0
1925,135,224,162,2017,379969.0,16522606.0
1926,135,231,162,2017,1412390.0,81204.0
1927,135,246,162,2017,0.0,744.0
1928,135,249,162,2017,13061.0,1766.0
1929,135,250,162,2017,16392.0,0.0
1930,135,59,162,2017,240891.0,256585.0
1931,135,168,162,2017,0.0,13818.0
1932,135,110,162,2017,1309.0,62198.0
1933,135,115,162,2017,5364.0,2041.0
1934,135,183,162,2017,1058.0,0.0
1935,135,228,162,2017,262084.0,824005.0
1936,135,14,162,2017,39132.0,2266.0
1937,135,185,162,2017,11566031.0,819925.0
1938,135,186,162,2017,525414.0,158733.0
1939,135,140,162,2017,4414.0,0.0
1940,135,134,162,2017,2897.0,33159.0
1941,135,239,162,2017,1290.0,9208.0
1942,135,22,162,2017,0.0,15612.0
1943,135,72,162,2017,32646.0,14273.0
1944,135,26,162,2017,3525.0,0.0
1945,135,28,162,2017,2099325.0,144462.0
1946,135,68,162,2017,6985.0,0.0
1947,135,100,162,2017,23542.0,20303.0
1948,135,132,162,2017,5953.0,19205.0
1949,135,201,162,2017,4672.0,15708.0
1950,135,232,162,2017,0.0,289479.0
1951,135,109,162,2017,10077.0,0.0
1952,135,7,164,2017,1120.0,0.0
1953,135,15,164,2017,6016.0,6063.0
1954,135,18,164,2017,0.0,3363.0
1955,135,23,164,2017,0.0,8992.0
1956,135,39,164,2017,7375.0,3350.0
1957,135,41,164,2017,10214.0,0.0
1958,135,43,164,2017,5563.0,128098.0
1959,135,61,164,2017,8433.0,56188.0
1960,135,64,164,2017,0.0,1197.0
1961,135,71,164,2017,0.0,10103.0
1962,135,74,164,2017,0.0,728.0
1963,135,77,164,2017,16228.0,41879.0
1964,135,81,164,2017,0.0,1501.0
1965,135,97,164,2017,0.0,6259.0
1966,135,102,164,2017,0.0,29382.0
1967,135,103,164,2017,0.0,663.0
1968,135,104,164,2017,0.0,994.0
1969,135,111,164,2017,452549.0,240434.0
1970,135,114,164,2017,5164.0,0.0
1971,135,121,164,2017,24606.0,1313.0
1972,135,122,164,2017,40804.0,0.0
1973,135,130,164,2017,0.0,3094.0
1974,135,153,164,2017,0.0,329.0
1975,135,162,164,2017,80687.0,1742.0
1976,135,163,164,2017,3224.0,0.0
1977,135,174,164,2017,0.0,1799.0
1978,135,177,164,2017,14778.0,113720.0
1979,135,179,164,2017,0.0,1344.0
1980,135,192,164,2017,3440.0,0.0
1981,135,208,164,2017,0.0,927.0
1982,135,224,164,2017,0.0,83548.0
1983,135,231,164,2017,1091.0,1402.0
1984,135,249,164,2017,2686.0,2657.0
1985,135,250,164,2017,5016.0,0.0
1986,135,59,164,2017,10704.0,16017.0
1987,135,168,164,2017,0.0,477.0
1988,135,183,164,2017,2931.0,0.0
1989,135,228,164,2017,0.0,47235.0
1990,135,185,164,2017,22659.0,62570.0
1991,135,186,164,2017,3790.0,57665.0
1992,135,239,164,2017,0.0,8568.0
1993,135,22,164,2017,0.0,7115.0
1994,135,28,164,2017,0.0,20525.0
1995,135,68,164,2017,0.0,915.0
1996,135,82,164,2017,906.0,0.0
1997,135,100,164,2017,0.0,5413.0
1998,135,217,164,2017,3110.0,0.0
1999,135,15,165,2017,0.0,2495.0
2000,135,41,165,2017,0.0,1045.0
2001,135,43,165,2017,0.0,75253.0
2002,135,61,165,2017,0.0,3031.0
2003,135,77,165,2017,0.0,1893.0
2004,135,102,165,2017,2192.0,56304.0
2005,135,111,165,2017,0.0,1356.0
2006,135,177,165,2017,0.0,17088.0
2007,135,179,165,2017,0.0,1159.0
2008,135,224,165,2017,0.0,4898.0
2009,135,59,165,2017,0.0,3651.0
2010,135,228,165,2017,0.0,259174.0
2011,135,185,165,2017,0.0,90765.0
2012,135,186,165,2017,0.0,1002.0
2013,135,100,165,2017,0.0,28608.0
2014,135,132,165,2017,4577.0,0.0
2015,135,15,191,2017,0.0,7419.0
2016,135,41,191,2017,0.0,3707.0
2017,135,61,191,2017,0.0,13906.0
2018,135,64,191,2017,0.0,1445.0
2019,135,71,191,2017,0.0,16709.0
2020,135,77,191,2017,0.0,82819.0
2021,135,90,191,2017,0.0,44280.0
2022,135,104,191,2017,0.0,6799.0
2023,135,111,191,2017,0.0,265602.0
2024,135,206,191,2017,0.0,251995.0
2025,135,224,191,2017,0.0,29706.0
2026,135,231,191,2017,0.0,11172.0
2027,135,59,191,2017,0.0,275759.0
2028,135,186,191,2017,0.0,78585.0
2029,135,15,100,2017,0.0,132675.0
2030,135,18,100,2017,0.0,18613.0
2031,135,61,100,2017,0.0,1038291.0
2032,135,64,100,2017,0.0,923071.0
2033,135,77,100,2017,0.0,276321.0
2034,135,81,100,2017,0.0,8258.0
2035,135,102,100,2017,0.0,2009881.0
2036,135,113,100,2017,2984667.0,0.0
2037,135,114,100,2017,2236.0,0.0
2038,135,121,100,2017,1377.0,0.0
2039,135,162,100,2017,0.0,1050309.0
2040,135,177,100,2017,0.0,65295.0
2041,135,206,100,2017,0.0,203565.0
2042,135,59,100,2017,0.0,97876.0
2043,135,124,100,2017,5147643.0,0.0
2044,135,212,100,2017,993980.0,0.0
2045,135,228,100,2017,24091.0,13301.0
2046,135,185,100,2017,26305.0,1088894.0
2047,135,186,100,2017,0.0,1199.0
2048,135,16,100,2017,346657.0,0.0
2049,135,68,100,2017,1087794.0,0.0
2050,135,82,100,2017,16688.0,0.0
2051,135,132,100,2017,0.0,4068.0
2052,135,126,100,2017,327045.0,0.0
2053,135,15,101,2017,0.0,94743.0
2054,135,18,101,2017,0.0,1243557.0
2055,135,32,101,2017,0.0,2935612.0
2056,135,39,101,2017,0.0,10071.0
2057,135,61,101,2017,0.0,2523340.0
2058,135,64,101,2017,0.0,128227.0
2059,135,71,101,2017,0.0,893818.0
2060,135,74,101,2017,0.0,13167.0
2061,135,77,101,2017,0.0,1638101.0
2062,135,102,101,2017,0.0,7336439.0
2063,135,106,101,2017,0.0,103330.0
2064,135,111,101,2017,0.0,404087.0
2065,135,162,101,2017,0.0,582175.0
2066,135,177,101,2017,0.0,10909377.0
2067,135,206,101,2017,0.0,136106.0
2068,135,208,101,2017,0.0,1703.0
2069,135,216,101,2017,0.0,487.0
2070,135,224,101,2017,241249.0,23943.0
2071,135,231,101,2017,0.0,166204.0
2072,135,250,101,2017,0.0,148741.0
2073,135,183,101,2017,1036427.0,0.0
2074,135,228,101,2017,2390.0,9429365.0
2075,135,14,101,2017,0.0,820.0
2076,135,185,101,2017,0.0,4675803.0
2077,135,186,101,2017,6766436.0,0.0
2078,135,72,101,2017,0.0,11910.0
2079,135,16,101,2017,95955.0,0.0
2080,135,28,101,2017,0.0,293223.0
2081,135,68,101,2017,221862.0,0.0
2082,135,108,101,2017,862793.0,0.0
2083,135,167,101,2017,161923.0,0.0
2084,135,8,102,2017,0.0,596449.0
2085,135,15,102,2017,8372.0,0.0
2086,135,18,102,2017,0.0,29151.0
2087,135,39,102,2017,0.0,56914.0
2088,135,41,102,2017,0.0,54278.0
2089,135,42,102,2017,0.0,129995.0
2090,135,43,102,2017,0.0,111070.0
2091,135,61,102,2017,0.0,1125783.0
2092,135,64,102,2017,0.0,549027.0
2093,135,67,102,2017,0.0,291504.0
2094,135,71,102,2017,0.0,1715908.0
2095,135,74,102,2017,0.0,160225.0
2096,135,77,102,2017,0.0,142796.0
2097,135,81,102,2017,0.0,1242564.0
2098,135,90,102,2017,0.0,355326.0
2099,135,102,102,2017,0.0,59265.0
2100,135,103,102,2017,0.0,2662.0
2101,135,104,102,2017,0.0,47109.0
2102,135,106,102,2017,0.0,86629.0
2103,135,111,102,2017,0.0,1352008.0
2104,135,130,102,2017,0.0,547394.0
2105,135,138,102,2017,0.0,53062.0
2106,135,162,102,2017,0.0,1165988.0
2107,135,163,102,2017,0.0,2424116.0
2108,135,173,102,2017,0.0,18418.0
2109,135,177,102,2017,0.0,793264.0
2110,135,179,102,2017,21471.0,29424.0
2111,135,208,102,2017,0.0,82050.0
2112,135,216,102,2017,0.0,171.0
2113,135,224,102,2017,0.0,136753.0
2114,135,230,102,2017,0.0,319874.0
2115,135,231,102,2017,0.0,542747.0
2116,135,249,102,2017,0.0,3237.0
2117,135,59,102,2017,238239.0,0.0
2118,135,131,102,2017,1936.0,0.0
2119,135,115,102,2017,0.0,8874.0
2120,135,228,102,2017,122428.0,1318687.0
2121,135,185,102,2017,0.0,3123745.0
2122,135,186,102,2017,0.0,738236.0
2123,135,134,102,2017,0.0,564.0
2124,135,239,102,2017,0.0,600006.0
2125,135,22,102,2017,0.0,145367.0
2126,135,72,102,2017,0.0,1567429.0
2127,135,28,102,2017,0.0,233395.0
2128,135,132,102,2017,0.0,408507.0
2129,135,201,102,2017,5653.0,0.0
2130,135,4,102,2017,0.0,55552.0
2131,135,109,102,2017,0.0,7322207.0
2132,135,78,102,2017,0.0,496803.0
2133,135,15,104,2017,0.0,20520.0
2134,135,18,104,2017,0.0,1307.0
2135,135,23,104,2017,0.0,90248.0
2136,135,32,104,2017,0.0,24263.0
2137,135,39,104,2017,0.0,1611.0
2138,135,43,104,2017,0.0,12034.0
2139,135,61,104,2017,0.0,207736.0
2140,135,64,104,2017,0.0,493865.0
2141,135,71,104,2017,0.0,8011.0
2142,135,77,104,2017,0.0,14931.0
2143,135,81,104,2017,0.0,115049.0
2144,135,111,104,2017,11038.0,2347961.0
2145,135,162,104,2017,0.0,29455.0
2146,135,177,104,2017,0.0,2259.0
2147,135,208,104,2017,0.0,57502.0
2148,135,224,104,2017,0.0,6663.0
2149,135,230,104,2017,0.0,1168.0
2150,135,231,104,2017,1946.0,19469.0
2151,135,59,104,2017,8102.0,0.0
2152,135,168,104,2017,0.0,7712.0
2153,135,107,104,2017,0.0,9143.0
2154,135,110,104,2017,740.0,0.0
2155,135,228,104,2017,11975.0,162282.0
2156,135,185,104,2017,0.0,1251174.0
2157,135,186,104,2017,0.0,197621.0
2158,135,239,104,2017,115791.0,0.0
2159,135,7,109,2017,562687.0,0.0
2160,135,15,109,2017,2614.0,76256.0
2161,135,18,109,2017,0.0,932.0
2162,135,23,109,2017,200340.0,592095.0
2163,135,41,109,2017,9182966.0,4157.0
2164,135,42,109,2017,0.0,2507.0
2165,135,43,109,2017,3216.0,0.0
2166,135,58,109,2017,14896726.0,0.0
2167,135,61,109,2017,87539.0,81065.0
2168,135,71,109,2017,10475582.0,58996.0
2169,135,77,109,2017,7641881.0,958348.0
2170,135,81,109,2017,12589000.0,0.0
2171,135,90,109,2017,37908168.0,50074.0
2172,135,102,109,2017,0.0,678317.0
2173,135,103,109,2017,9732705.0,0.0
2174,135,104,109,2017,6962423.0,21497.0
2175,135,106,109,2017,279336.0,0.0
2176,135,111,109,2017,68431552.0,21419.0
2177,135,113,109,2017,15777.0,0.0
2178,135,118,109,2017,0.0,39454.0
2179,135,130,109,2017,0.0,18732.0
2180,135,153,109,2017,1759803.0,0.0
2181,135,162,109,2017,4750849.0,3727.0
2182,135,173,109,2017,0.0,4471.0
2183,135,177,109,2017,1408750.0,6515.0
2184,135,188,109,2017,1124098.0,0.0
2185,135,192,109,2017,15018.0,0.0
2186,135,206,109,2017,0.0,43842.0
2187,135,207,109,2017,0.0,1901.0
2188,135,216,109,2017,2334502.0,6024.0
2189,135,224,109,2017,23714627.0,1992.0
2190,135,231,109,2017,16162.0,33660.0
2191,135,249,109,2017,1495870.0,0.0
2192,135,250,109,2017,0.0,87008.0
2193,135,59,109,2017,15469.0,14484.0
2194,135,124,109,2017,2986432.0,0.0
2195,135,168,109,2017,629954.0,35347.0
2196,135,110,109,2017,4226.0,0.0
2197,135,115,109,2017,31132.0,9771.0
2198,135,183,109,2017,58897.0,0.0
2199,135,212,109,2017,3979381.0,0.0
2200,135,228,109,2017,1822228.0,829917.0
2201,135,185,109,2017,14147276.0,9682387.0
2202,135,186,109,2017,412093.0,2317433.0
2203,135,239,109,2017,0.0,304954.0
2204,135,22,109,2017,63480.0,0.0
2205,135,143,109,2017,6018867.0,21882.0
2206,135,28,109,2017,6902608.0,0.0
2207,135,167,109,2017,217801.0,0.0
2208,135,201,109,2017,173259.0,33961.0
2209,135,15,110,2017,41770.0,1153.0
2210,135,18,110,2017,0.0,45679.0
2211,135,23,110,2017,26433.0,1026.0
2212,135,39,110,2017,36296.0,0.0
2213,135,58,110,2017,10485.0,0.0
2214,135,61,110,2017,131421.0,1265616.0
2215,135,71,110,2017,0.0,3476.0
2216,135,77,110,2017,0.0,22159.0
2217,135,90,110,2017,7298.0,0.0
2218,135,102,110,2017,0.0,5678.0
2219,135,111,110,2017,3665.0,289755.0
2220,135,122,110,2017,43982.0,0.0
2221,135,130,110,2017,0.0,5082.0
2222,135,162,110,2017,0.0,95270.0
2223,135,163,110,2017,4861.0,0.0
2224,135,177,110,2017,0.0,284927.0
2225,135,206,110,2017,0.0,29505.0
2226,135,207,110,2017,0.0,9844.0
2227,135,224,110,2017,63060.0,5025.0
2228,135,231,110,2017,53215.0,5496.0
2229,135,59,110,2017,9519.0,325245.0
2230,135,110,110,2017,13977.0,0.0
2231,135,115,110,2017,0.0,296792.0
2232,135,228,110,2017,777395.0,14154030.0
2233,135,14,110,2017,5218.0,0.0
2234,135,185,110,2017,506868.0,763606.0
2235,135,186,110,2017,1813.0,5600930.0
2236,135,44,110,2017,1051.0,0.0
2237,135,143,110,2017,2185346.0,0.0
2238,135,28,110,2017,0.0,816611.0
2239,135,82,110,2017,50341.0,0.0
2240,135,132,110,2017,0.0,32925.0
2241,135,201,110,2017,0.0,22287.0
2242,135,7,111,2017,10534.0,0.0
2243,135,8,111,2017,0.0,527629.0
2244,135,15,111,2017,958874.0,183126.0
2245,135,18,111,2017,230503.0,145559.0
2246,135,23,111,2017,23131006.0,155822.0
2247,135,32,111,2017,0.0,12132.0
2248,135,39,111,2017,9517.0,0.0
2249,135,41,111,2017,202267.0,0.0
2250,135,42,111,2017,0.0,74081.0
2251,135,43,111,2017,92523.0,244738.0
2252,135,61,111,2017,10675570.0,3870632.0
2253,135,64,111,2017,306930.0,55427.0
2254,135,71,111,2017,1063497.0,826053.0
2255,135,74,111,2017,376876.0,0.0
2256,135,77,111,2017,1532948.0,3139349.0
2257,135,81,111,2017,21833962.0,11551.0
2258,135,90,111,2017,54993.0,0.0
2259,135,102,111,2017,18993.0,2578908.0
2260,135,104,111,2017,0.0,126306.0
2261,135,106,111,2017,80743.0,0.0
2262,135,111,111,2017,5475199.0,403639.0
2263,135,113,111,2017,5256.0,0.0
2264,135,114,111,2017,0.0,535.0
2265,135,121,111,2017,0.0,288743.0
2266,135,122,111,2017,15702.0,0.0
2267,135,130,111,2017,2184300.0,10444.0
2268,135,138,111,2017,0.0,7874.0
2269,135,153,111,2017,1080174.0,0.0
2270,135,162,111,2017,4856327.0,1986444.0
2271,135,163,111,2017,2012.0,0.0
2272,135,173,111,2017,0.0,113241.0
2273,135,177,111,2017,7620193.0,506766.0
2274,135,179,111,2017,539564.0,0.0
2275,135,207,111,2017,1457.0,4144.0
2276,135,216,111,2017,0.0,7713.0
2277,135,224,111,2017,133498852.0,1119846.0
2278,135,231,111,2017,28128.0,580544.0
2279,135,246,111,2017,0.0,1969.0
2280,135,249,111,2017,0.0,625.0
2281,135,250,111,2017,0.0,761116.0
2282,135,59,111,2017,661791.0,216943.0
2283,135,124,111,2017,1283720.0,0.0
2284,135,168,111,2017,259458.0,0.0
2285,135,110,111,2017,4910.0,24283.0
2286,135,128,111,2017,0.0,3808.0
2287,135,212,111,2017,4442.0,0.0
2288,135,228,111,2017,810860.0,2547651.0
2289,135,14,111,2017,104469.0,17583.0
2290,135,185,111,2017,85788935.0,18246614.0
2291,135,186,111,2017,2355054.0,384217.0
2292,135,140,111,2017,134646.0,0.0
2293,135,134,111,2017,0.0,1186.0
2294,135,239,111,2017,1742447.0,24073.0
2295,135,72,111,2017,163043.0,0.0
2296,135,16,111,2017,18274.0,0.0
2297,135,26,111,2017,10377.0,0.0
2298,135,28,111,2017,944355.0,1467.0
2299,135,68,111,2017,1658.0,4765.0
2300,135,82,111,2017,8685.0,0.0
2301,135,100,111,2017,0.0,12164.0
2302,135,108,111,2017,135151.0,0.0
2303,135,132,111,2017,155160.0,1171.0
2304,135,164,111,2017,314680.0,0.0
2305,135,201,111,2017,133107.0,113722.0
2306,135,232,111,2017,18999.0,4106.0
2307,135,144,111,2017,29583.0,0.0
2308,135,109,111,2017,1224.0,0.0
2309,135,84,111,2017,1033001.0,0.0
2310,135,126,111,2017,16753.0,0.0
2311,135,15,112,2017,0.0,18583.0
2312,135,18,112,2017,0.0,1184.0
2313,135,41,112,2017,0.0,6050.0
2314,135,42,112,2017,0.0,56620.0
2315,135,43,112,2017,0.0,24306.0
2316,135,61,112,2017,0.0,493748.0
2317,135,64,112,2017,0.0,7496.0
2318,135,71,112,2017,0.0,13066.0
2319,135,77,112,2017,0.0,20976.0
2320,135,81,112,2017,0.0,66699.0
2321,135,90,112,2017,0.0,9339.0
2322,135,104,112,2017,0.0,29362.0
2323,135,111,112,2017,0.0,148634.0
2324,135,174,112,2017,0.0,2396.0
2325,135,177,112,2017,0.0,5633.0
2326,135,207,112,2017,0.0,16704.0
2327,135,224,112,2017,0.0,2933.0
2328,135,59,112,2017,0.0,38680.0
2329,135,228,112,2017,2182.0,26859.0
2330,135,185,112,2017,0.0,122396.0
2331,135,186,112,2017,55601.0,0.0
2332,135,82,112,2017,3699.0,0.0
2333,135,132,112,2017,0.0,1435.0
2334,135,232,112,2017,16233.0,0.0
2335,135,43,113,2017,0.0,5626.0
2336,135,71,113,2017,0.0,2735.0
2337,135,77,113,2017,20176.0,0.0
2338,135,177,113,2017,27139.0,0.0
2339,135,224,113,2017,341342.0,0.0
2340,135,228,113,2017,0.0,340227.0
2341,135,201,113,2017,0.0,3386.0
2342,135,7,114,2017,117507.0,0.0
2343,135,15,114,2017,21494.0,5188.0
2344,135,18,114,2017,0.0,341713.0
2345,135,23,114,2017,100808.0,8727.0
2346,135,41,114,2017,554885.0,0.0
2347,135,43,114,2017,55424.0,1348.0
2348,135,58,114,2017,1995109.0,0.0
2349,135,61,114,2017,1228271.0,200238.0
2350,135,64,114,2017,0.0,19734.0
2351,135,71,114,2017,18356442.0,117630.0
2352,135,77,114,2017,0.0,218656.0
2353,135,81,114,2017,0.0,5305.0
2354,135,90,114,2017,4258219.0,41160.0
2355,135,102,114,2017,0.0,2370.0
2356,135,103,114,2017,0.0,108074.0
2357,135,104,114,2017,0.0,6939.0
2358,135,111,114,2017,18430232.0,855364.0
2359,135,130,114,2017,0.0,3012.0
2360,135,138,114,2017,0.0,1192.0
2361,135,153,114,2017,0.0,74035.0
2362,135,162,114,2017,0.0,246580.0
2363,135,163,114,2017,1103.0,0.0
2364,135,174,114,2017,0.0,1503.0
2365,135,177,114,2017,101457.0,171534.0
2366,135,179,114,2017,4804547.0,4300.0
2367,135,192,114,2017,0.0,30089.0
2368,135,207,114,2017,0.0,1910.0
2369,135,208,114,2017,0.0,1261208.0
2370,135,224,114,2017,0.0,4927.0
2371,135,231,114,2017,0.0,5580.0
2372,135,250,114,2017,0.0,2575.0
2373,135,59,114,2017,0.0,46144.0
2374,135,124,114,2017,256267.0,0.0
2375,135,128,114,2017,0.0,5918.0
2376,135,228,114,2017,20402.0,13699068.0
2377,135,14,114,2017,0.0,564.0
2378,135,185,114,2017,1733230.0,1194404.0
2379,135,186,114,2017,863929.0,5601359.0
2380,135,134,114,2017,0.0,341.0
2381,135,239,114,2017,0.0,53755.0
2382,135,26,114,2017,0.0,12324.0
2383,135,28,114,2017,4446.0,0.0
2384,135,100,114,2017,0.0,3401.0
2385,135,108,114,2017,1658776.0,0.0
2386,135,132,114,2017,5293.0,22370.0
2387,135,201,114,2017,0.0,10136.0
2388,135,15,115,2017,0.0,66228.0
2389,135,18,115,2017,0.0,5595.0
2390,135,23,115,2017,0.0,3376.0
2391,135,42,115,2017,0.0,6825.0
2392,135,43,115,2017,0.0,359328.0
2393,135,61,115,2017,28261.0,54004.0
2394,135,64,115,2017,0.0,133734.0
2395,135,67,115,2017,0.0,5838.0
2396,135,71,115,2017,0.0,259627.0
2397,135,77,115,2017,0.0,16748.0
2398,135,81,115,2017,2746.0,10209.0
2399,135,90,115,2017,0.0,3530.0
2400,135,102,115,2017,0.0,338653.0
2401,135,103,115,2017,0.0,749.0
2402,135,104,115,2017,0.0,18446.0
2403,135,111,115,2017,0.0,852322.0
2404,135,114,115,2017,25042.0,0.0
2405,135,130,115,2017,0.0,22772.0
2406,135,162,115,2017,0.0,14025.0
2407,135,163,115,2017,0.0,38925.0
2408,135,173,115,2017,0.0,12691.0
2409,135,177,115,2017,0.0,1072968.0
2410,135,216,115,2017,0.0,14010.0
2411,135,224,115,2017,0.0,16369.0
2412,135,231,115,2017,126551.0,73806.0
2413,135,249,115,2017,0.0,2096.0
2414,135,250,115,2017,21276.0,0.0
2415,135,228,115,2017,0.0,3135382.0
2416,135,185,115,2017,14983.0,1315461.0
2417,135,186,115,2017,6176.0,2726883.0
2418,135,239,115,2017,0.0,269602.0
2419,135,72,115,2017,14887.0,493657.0
2420,135,28,115,2017,0.0,953306.0
2421,135,132,115,2017,0.0,2257976.0
2422,135,109,115,2017,0.0,22910.0
2423,135,8,122,2017,0.0,49850.0
2424,135,15,122,2017,0.0,91813.0
2425,135,18,122,2017,0.0,152023.0
2426,135,23,122,2017,424392.0,0.0
2427,135,32,122,2017,0.0,186392.0
2428,135,41,122,2017,4792652.0,2302.0
2429,135,43,122,2017,0.0,37783.0
2430,135,58,122,2017,515715.0,0.0
2431,135,61,122,2017,31243.0,2141486.0
2432,135,64,122,2017,0.0,1629886.0
2433,135,71,122,2017,2800959.0,43630.0
2434,135,77,122,2017,0.0,807510.0
2435,135,81,122,2017,0.0,10219.0
2436,135,102,122,2017,0.0,4930135.0
2437,135,111,122,2017,2997914.0,430284.0
2438,135,113,122,2017,9802.0,0.0
2439,135,122,122,2017,20933.0,0.0
2440,135,130,122,2017,0.0,11109.0
2441,135,153,122,2017,456377.0,0.0
2442,135,162,122,2017,0.0,715157.0
2443,135,177,122,2017,9918.0,408687.0
2444,135,179,122,2017,0.0,64000.0
2445,135,206,122,2017,0.0,50377.0
2446,135,216,122,2017,0.0,506.0
2447,135,224,122,2017,10474850.0,0.0
2448,135,231,122,2017,34817.0,5513.0
2449,135,250,122,2017,0.0,10008.0
2450,135,59,122,2017,0.0,318146.0
2451,135,124,122,2017,14253.0,0.0
2452,135,110,122,2017,2322.0,0.0
2453,135,212,122,2017,6003.0,0.0
2454,135,228,122,2017,50478.0,7851263.0
2455,135,185,122,2017,2187373.0,9907753.0
2456,135,186,122,2017,1187.0,1104841.0
2457,135,22,122,2017,5353.0,0.0
2458,135,68,122,2017,1074218.0,0.0
2459,135,201,122,2017,0.0,73337.0
2460,135,126,122,2017,3000.0,0.0
2461,135,7,123,2017,57377.0,39394.0
2462,135,18,123,2017,0.0,1001309.0
2463,135,23,123,2017,0.0,405280.0
2464,135,32,123,2017,0.0,71456.0
2465,135,41,123,2017,0.0,53746.0
2466,135,42,123,2017,0.0,15909.0
2467,135,43,123,2017,0.0,3409241.0
2468,135,61,123,2017,602244.0,2030791.0
2469,135,64,123,2017,0.0,14356.0
2470,135,71,123,2017,0.0,8008.0
2471,135,77,123,2017,0.0,7426.0
2472,135,90,123,2017,0.0,232780.0
2473,135,102,123,2017,0.0,10218.0
2474,135,103,123,2017,0.0,389.0
2475,135,104,123,2017,0.0,746855.0
2476,135,106,123,2017,0.0,1442.0
2477,135,111,123,2017,0.0,1424333.0
2478,135,113,123,2017,10881.0,86858.0
2479,135,130,123,2017,0.0,1816043.0
2480,135,162,123,2017,0.0,2339451.0
2481,135,177,123,2017,0.0,1824676.0
2482,135,179,123,2017,0.0,404.0
2483,135,192,123,2017,0.0,37657.0
2484,135,207,123,2017,113184.0,0.0
2485,135,208,123,2017,0.0,979.0
2486,135,224,123,2017,0.0,109035.0
2487,135,231,123,2017,178994.0,41253.0
2488,135,250,123,2017,16022140.0,36061.0
2489,135,59,123,2017,47122.0,44765.0
2490,135,228,123,2017,771281.0,43553325.0
2491,135,14,123,2017,30163.0,0.0
2492,135,185,123,2017,0.0,40277.0
2493,135,186,123,2017,256820.0,2813227.0
2494,135,68,123,2017,0.0,89244.0
2495,135,82,123,2017,165021.0,0.0
2496,135,108,123,2017,1524.0,0.0
2497,135,201,123,2017,89324.0,0.0
2498,135,223,123,2017,19203.0,0.0
2499,135,232,123,2017,0.0,86382.0
2500,135,61,125,2017,86569.0,1936.0
2501,135,111,125,2017,0.0,1318.0
2502,135,162,125,2017,0.0,11816.0
2503,135,224,125,2017,0.0,94718.0
2504,135,246,125,2017,0.0,10291.0
2505,135,228,125,2017,68808.0,790300.0
2506,135,7,126,2017,0.0,5335.0
2507,135,15,126,2017,0.0,83508.0
2508,135,18,126,2017,0.0,162452.0
2509,135,23,126,2017,4484245.0,13951022.0
2510,135,39,126,2017,0.0,4257.0
2511,135,41,126,2017,0.0,2801.0
2512,135,43,126,2017,0.0,2087.0
2513,135,61,126,2017,0.0,4895602.0
2514,135,64,126,2017,0.0,1926.0
2515,135,71,126,2017,0.0,44748.0
2516,135,74,126,2017,0.0,6356.0
2517,135,77,126,2017,0.0,58173.0
2518,135,81,126,2017,0.0,1351.0
2519,135,90,126,2017,0.0,24447525.0
2520,135,102,126,2017,0.0,1069607.0
2521,135,104,126,2017,0.0,5656.0
2522,135,111,126,2017,0.0,1062386.0
2523,135,114,126,2017,0.0,16567.0
2524,135,121,126,2017,0.0,37549.0
2525,135,130,126,2017,0.0,10467123.0
2526,135,162,126,2017,0.0,361818.0
2527,135,163,126,2017,0.0,2500.0
2528,135,169,126,2017,1887899.0,0.0
2529,135,177,126,2017,0.0,590649.0
2530,135,192,126,2017,0.0,71676.0
2531,135,206,126,2017,0.0,1088489.0
2532,135,208,126,2017,0.0,6718.0
2533,135,224,126,2017,6289.0,1567948.0
2534,135,231,126,2017,0.0,2215.0
2535,135,249,126,2017,0.0,395.0
2536,135,59,126,2017,0.0,23906.0
2537,135,115,126,2017,0.0,3334780.0
2538,135,128,126,2017,0.0,21088.0
2539,135,228,126,2017,2073961.0,56323776.0
2540,135,185,126,2017,348150.0,354948731.0
2541,135,186,126,2017,0.0,82500611.0
2542,135,140,126,2017,22014.0,0.0
2543,135,237,126,2017,828111.0,0.0
2544,135,72,126,2017,0.0,83749.0
2545,135,16,126,2017,0.0,1077.0
2546,135,26,126,2017,0.0,684902.0
2547,135,28,126,2017,0.0,26865621.0
2548,135,100,126,2017,0.0,400299.0
2549,135,132,126,2017,0.0,175138.0
2550,135,201,126,2017,3443053.0,3167565.0
2551,135,109,126,2017,32651.0,0.0
2552,135,7,129,2017,79874.0,0.0
2553,135,8,129,2017,0.0,153422.0
2554,135,15,129,2017,0.0,7805539.0
2555,135,18,129,2017,3620.0,2724834.0
2556,135,23,129,2017,0.0,5618838.0
2557,135,32,129,2017,0.0,10102.0
2558,135,39,129,2017,240910.0,327868.0
2559,135,41,129,2017,11461.0,4748490.0
2560,135,42,129,2017,0.0,15057.0
2561,135,43,129,2017,0.0,1108458.0
2562,135,58,129,2017,0.0,3331615.0
2563,135,61,129,2017,8111.0,21994204.0
2564,135,64,129,2017,2861.0,1837105.0
2565,135,71,129,2017,0.0,390236.0
2566,135,74,129,2017,0.0,229307.0
2567,135,77,129,2017,0.0,2096079.0
2568,135,81,129,2017,9982.0,1203359.0
2569,135,90,129,2017,0.0,1130970.0
2570,135,97,129,2017,0.0,3198.0
2571,135,102,129,2017,0.0,13982808.0
2572,135,103,129,2017,0.0,2577.0
2573,135,104,129,2017,0.0,1638159.0
2574,135,106,129,2017,7814.0,183564.0
2575,135,111,129,2017,0.0,6106676.0
2576,135,113,129,2017,2017.0,743643.0
2577,135,114,129,2017,0.0,25275.0
2578,135,121,129,2017,0.0,104242.0
2579,135,122,129,2017,4142.0,0.0
2580,135,130,129,2017,861548.0,2691959.0
2581,135,138,129,2017,0.0,45715.0
2582,135,162,129,2017,58629.0,4117487.0
2583,135,163,129,2017,0.0,5394.0
2584,135,177,129,2017,0.0,3311112.0
2585,135,179,129,2017,1085.0,70283.0
2586,135,192,129,2017,44582.0,65671.0
2587,135,206,129,2017,0.0,857566.0
2588,135,207,129,2017,0.0,11858575.0
2589,135,208,129,2017,0.0,334586.0
2590,135,216,129,2017,0.0,1803.0
2591,135,224,129,2017,34481.0,17958959.0
2592,135,231,129,2017,69000.0,751700.0
2593,135,246,129,2017,0.0,41201.0
2594,135,250,129,2017,0.0,334169.0
2595,135,59,129,2017,0.0,1320187.0
2596,135,131,129,2017,0.0,423626.0
2597,135,168,129,2017,0.0,51301.0
2598,135,110,129,2017,0.0,62651.0
2599,135,115,129,2017,2041276.0,0.0
2600,135,228,129,2017,1253049.0,13537758.0
2601,135,185,129,2017,205082.0,19098495.0
2602,135,186,129,2017,8515337.0,17751143.0
2603,135,140,129,2017,0.0,678249.0
2604,135,239,129,2017,897535.0,2323725.0
2605,135,22,129,2017,0.0,519765.0
2606,135,142,129,2017,0.0,63904.0
2607,135,72,129,2017,0.0,613839.0
2608,135,16,129,2017,1188873.0,0.0
2609,135,26,129,2017,0.0,1127875.0
2610,135,28,129,2017,1987843.0,2351454.0
2611,135,68,129,2017,0.0,968125.0
2612,135,82,129,2017,2060171.0,1741058.0
2613,135,100,129,2017,0.0,23416.0
2614,135,117,129,2017,649118.0,0.0
2615,135,132,129,2017,1286974.0,5928455.0
2616,135,201,129,2017,0.0,464645.0
2617,135,217,129,2017,65663.0,0.0
2618,135,219,129,2017,248687.0,0.0
2619,135,232,129,2017,3542260.0,31874.0
2620,135,9,129,2017,309753.0,486981.0
2621,135,109,129,2017,0.0,5885.0
2622,135,126,129,2017,44826.0,0.0
2623,135,198,129,2017,0.0,827573.0
2624,135,7,131,2017,0.0,14387.0
2625,135,15,131,2017,0.0,79757.0
2626,135,18,131,2017,0.0,237078.0
2627,135,23,131,2017,0.0,533703.0
2628,135,32,131,2017,0.0,3694.0
2629,135,39,131,2017,0.0,54142.0
2630,135,41,131,2017,0.0,42800.0
2631,135,43,131,2017,0.0,191395.0
2632,135,58,131,2017,5807.0,0.0
2633,135,61,131,2017,9796.0,1996267.0
2634,135,64,131,2017,0.0,82769.0
2635,135,71,131,2017,0.0,69161.0
2636,135,74,131,2017,0.0,401900.0
2637,135,77,131,2017,0.0,123815.0
2638,135,81,131,2017,0.0,82143.0
2639,135,90,131,2017,0.0,175540.0
2640,135,102,131,2017,0.0,159270.0
2641,135,103,131,2017,0.0,5282.0
2642,135,104,131,2017,0.0,55812.0
2643,135,106,131,2017,0.0,33877.0
2644,135,111,131,2017,62357.0,2652593.0
2645,135,114,131,2017,0.0,6302.0
2646,135,121,131,2017,0.0,17080.0
2647,135,130,131,2017,0.0,309770.0
2648,135,138,131,2017,0.0,2389.0
2649,135,153,131,2017,0.0,1778.0
2650,135,162,131,2017,0.0,698205.0
2651,135,177,131,2017,1438.0,4858596.0
2652,135,179,131,2017,0.0,4080.0
2653,135,188,131,2017,0.0,747.0
2654,135,192,131,2017,0.0,1265.0
2655,135,206,131,2017,0.0,22187.0
2656,135,207,131,2017,0.0,194623.0
2657,135,208,131,2017,0.0,188710.0
2658,135,224,131,2017,0.0,1855560.0
2659,135,231,131,2017,0.0,44345.0
2660,135,249,131,2017,0.0,31958.0
2661,135,250,131,2017,0.0,1975.0
2662,135,59,131,2017,0.0,150390.0
2663,135,110,131,2017,78722.0,4195.0
2664,135,228,131,2017,357298.0,4563147.0
2665,135,14,131,2017,0.0,33871.0
2666,135,185,131,2017,45410.0,7959629.0
2667,135,186,131,2017,277370.0,2723419.0
2668,135,239,131,2017,0.0,5507.0
2669,135,72,131,2017,0.0,611169.0
2670,135,28,131,2017,3381.0,504522.0
2671,135,100,131,2017,0.0,79099.0
2672,135,132,131,2017,0.0,9583.0
2673,135,201,131,2017,0.0,989.0
2674,135,232,131,2017,22704.0,0.0
2675,135,7,133,2017,0.0,8920.0
2676,135,15,133,2017,0.0,75464.0
2677,135,18,133,2017,0.0,719352.0
2678,135,23,133,2017,4511.0,2154839.0
2679,135,39,133,2017,135877.0,8091.0
2680,135,41,133,2017,0.0,58816.0
2681,135,43,133,2017,0.0,145129.0
2682,135,61,133,2017,0.0,2998417.0
2683,135,64,133,2017,0.0,45756.0
2684,135,71,133,2017,0.0,260590.0
2685,135,74,133,2017,0.0,10754.0
2686,135,77,133,2017,0.0,750789.0
2687,135,81,133,2017,0.0,265681.0
2688,135,90,133,2017,0.0,100958.0
2689,135,97,133,2017,0.0,4242.0
2690,135,102,133,2017,0.0,568534.0
2691,135,103,133,2017,0.0,162.0
2692,135,104,133,2017,0.0,7293.0
2693,135,106,133,2017,0.0,5694.0
2694,135,111,133,2017,5646.0,1170209.0
2695,135,114,133,2017,0.0,9510.0
2696,135,121,133,2017,0.0,19489.0
2697,135,130,133,2017,175326.0,214347.0
2698,135,138,133,2017,0.0,943.0
2699,135,153,133,2017,0.0,14370.0
2700,135,162,133,2017,124299.0,392369.0
2701,135,177,133,2017,1545.0,2429519.0
2702,135,179,133,2017,0.0,4809.0
2703,135,206,133,2017,0.0,69011.0
2704,135,207,133,2017,0.0,38397.0
2705,135,208,133,2017,0.0,125435.0
2706,135,216,133,2017,0.0,145.0
2707,135,224,133,2017,0.0,4857741.0
2708,135,231,133,2017,0.0,137093.0
2709,135,246,133,2017,0.0,8904.0
2710,135,249,133,2017,0.0,299.0
2711,135,250,133,2017,21441.0,13672.0
2712,135,59,133,2017,11256.0,338630.0
2713,135,131,133,2017,0.0,1123.0
2714,135,110,133,2017,0.0,604341.0
2715,135,228,133,2017,147314.0,3899111.0
2716,135,14,133,2017,0.0,1362.0
2717,135,185,133,2017,204898.0,17024375.0
2718,135,186,133,2017,11446536.0,3404506.0
2719,135,140,133,2017,11233.0,0.0
2720,135,239,133,2017,32297.0,0.0
2721,135,72,133,2017,0.0,16389.0
2722,135,28,133,2017,4158.0,425397.0
2723,135,68,133,2017,0.0,2969.0
2724,135,82,133,2017,29894.0,0.0
2725,135,100,133,2017,0.0,2539.0
2726,135,132,133,2017,0.0,6205.0
2727,135,201,133,2017,0.0,499462.0
2728,135,4,133,2017,21243.0,0.0
2729,135,9,133,2017,113752.0,0.0
2730,135,15,134,2017,0.0,290282.0
2731,135,18,134,2017,0.0,129296.0
2732,135,23,134,2017,0.0,7412.0
2733,135,32,134,2017,0.0,735.0
2734,135,41,134,2017,0.0,29926.0
2735,135,43,134,2017,0.0,257329.0
2736,135,61,134,2017,142297.0,1641643.0
2737,135,64,134,2017,0.0,281152.0
2738,135,71,134,2017,0.0,20949.0
2739,135,74,134,2017,0.0,93124.0
2740,135,77,134,2017,0.0,131406.0
2741,135,81,134,2017,0.0,82580.0
2742,135,90,134,2017,0.0,1952.0
2743,135,102,134,2017,0.0,1502.0
2744,135,104,134,2017,0.0,1039.0
2745,135,106,134,2017,0.0,6294.0
2746,135,111,134,2017,10106.0,773795.0
2747,135,114,134,2017,0.0,183.0
2748,135,121,134,2017,0.0,10193.0
2749,135,130,134,2017,0.0,75011.0
2750,135,153,134,2017,0.0,7536.0
2751,135,162,134,2017,0.0,280216.0
2752,135,177,134,2017,0.0,562780.0
2753,135,206,134,2017,0.0,6491.0
2754,135,207,134,2017,0.0,11010.0
2755,135,208,134,2017,0.0,14828.0
2756,135,224,134,2017,0.0,566650.0
2757,135,231,134,2017,0.0,50491.0
2758,135,59,134,2017,0.0,12987.0
2759,135,110,134,2017,0.0,1039.0
2760,135,228,134,2017,910.0,433158.0
2761,135,185,134,2017,22888.0,2231032.0
2762,135,186,134,2017,7786.0,95157.0
2763,135,72,134,2017,0.0,5882.0
2764,135,28,134,2017,0.0,194278.0
2765,135,82,134,2017,770.0,0.0
2766,135,100,134,2017,0.0,88378.0
2767,135,132,134,2017,0.0,3453.0
2768,135,232,134,2017,2500.0,0.0
2769,135,23,135,2017,0.0,1043776.0
2770,135,43,135,2017,0.0,21105.0
2771,135,61,135,2017,0.0,4975.0
2772,135,71,135,2017,0.0,6188.0
2773,135,77,135,2017,0.0,2815.0
2774,135,81,135,2017,0.0,5793.0
2775,135,90,135,2017,0.0,9015.0
2776,135,177,135,2017,0.0,68181.0
2777,135,224,135,2017,0.0,18466.0
2778,135,231,135,2017,0.0,22814.0
2779,135,228,135,2017,0.0,376187.0
2780,135,185,135,2017,0.0,30615.0
2781,135,186,135,2017,0.0,975946.0
2782,135,26,135,2017,0.0,3489.0
2783,135,28,135,2017,0.0,190892.0
2784,135,201,135,2017,0.0,1839.0
2785,135,9,135,2017,7872.0,0.0
2786,135,15,136,2017,0.0,17264.0
2787,135,18,136,2017,0.0,106417.0
2788,135,23,136,2017,0.0,4131.0
2789,135,39,136,2017,0.0,935.0
2790,135,41,136,2017,0.0,750.0
2791,135,43,136,2017,0.0,81094.0
2792,135,61,136,2017,0.0,217952.0
2793,135,71,136,2017,0.0,38436.0
2794,135,77,136,2017,0.0,2758.0
2795,135,81,136,2017,0.0,15216.0
2796,135,106,136,2017,0.0,8843.0
2797,135,111,136,2017,2560.0,90393.0
2798,135,114,136,2017,0.0,31618.0
2799,135,121,136,2017,0.0,9501.0
2800,135,130,136,2017,0.0,46328.0
2801,135,153,136,2017,0.0,1909.0
2802,135,162,136,2017,0.0,18432.0
2803,135,177,136,2017,0.0,55197.0
2804,135,208,136,2017,0.0,1224.0
2805,135,216,136,2017,0.0,57.0
2806,135,224,136,2017,0.0,53295.0
2807,135,231,136,2017,0.0,59664.0
2808,135,249,136,2017,0.0,2379.0
2809,135,59,136,2017,0.0,25446.0
2810,135,228,136,2017,0.0,201974.0
2811,135,185,136,2017,0.0,261635.0
2812,135,239,136,2017,0.0,11900.0
2813,135,72,136,2017,0.0,3256.0
2814,135,132,136,2017,0.0,4760.0
2815,135,43,140,2017,0.0,581.0
2816,135,61,140,2017,17992.0,3863513.0
2817,135,71,140,2017,268454.0,0.0
2818,135,77,140,2017,16747.0,0.0
2819,135,81,140,2017,0.0,39016.0
2820,135,102,140,2017,1065.0,222755.0
2821,135,103,140,2017,0.0,154.0
2822,135,111,140,2017,4992442.0,14836258.0
2823,135,130,140,2017,0.0,27127.0
2824,135,162,140,2017,30883.0,124269.0
2825,135,177,140,2017,779628.0,242766.0
2826,135,179,140,2017,0.0,120032.0
2827,135,224,140,2017,695992.0,1346334.0
2828,135,249,140,2017,1485.0,0.0
2829,135,250,140,2017,0.0,21830.0
2830,135,59,140,2017,0.0,1003.0
2831,135,168,140,2017,0.0,444.0
2832,135,228,140,2017,175864.0,588049.0
2833,135,185,140,2017,215251.0,6640931.0
2834,135,186,140,2017,7950.0,1341766.0
2835,135,28,140,2017,350108.0,219639.0
2836,135,201,140,2017,276105.0,0.0
2837,135,15,142,2017,0.0,2403.0
2838,135,39,142,2017,6978.0,0.0
2839,135,43,142,2017,0.0,78161.0
2840,135,61,142,2017,0.0,31204.0
2841,135,64,142,2017,21597.0,0.0
2842,135,74,142,2017,0.0,5104.0
2843,135,90,142,2017,0.0,2352.0
2844,135,102,142,2017,5947.0,0.0
2845,135,111,142,2017,688722.0,3696348.0
2846,135,114,142,2017,382529.0,0.0
2847,135,121,142,2017,109987.0,3514.0
2848,135,153,142,2017,1740.0,0.0
2849,135,162,142,2017,0.0,14277.0
2850,135,177,142,2017,67106.0,10998.0
2851,135,224,142,2017,3330.0,71462.0
2852,135,231,142,2017,46141.0,0.0
2853,135,249,142,2017,939.0,0.0
2854,135,250,142,2017,0.0,20315.0
2855,135,59,142,2017,2976.0,0.0
2856,135,115,142,2017,19314.0,0.0
2857,135,228,142,2017,0.0,39374.0
2858,135,14,142,2017,4253.0,0.0
2859,135,185,142,2017,39627.0,31064.0
2860,135,186,142,2017,297932.0,0.0
2861,135,239,142,2017,0.0,2071.0
2862,135,72,142,2017,17018.0,0.0
2863,135,143,142,2017,0.0,2809.0
2864,135,28,142,2017,134752.0,0.0
2865,135,15,143,2017,546625.0,1444787.0
2866,135,18,143,2017,48466.0,1107523.0
2867,135,23,143,2017,16888.0,60517.0
2868,135,39,143,2017,29208.0,112350.0
2869,135,41,143,2017,12999.0,38235.0
2870,135,43,143,2017,112893.0,2284427.0
2871,135,61,143,2017,425372.0,1719301.0
2872,135,64,143,2017,0.0,35232.0
2873,135,67,143,2017,0.0,18467.0
2874,135,71,143,2017,335878.0,91025.0
2875,135,74,143,2017,0.0,25259.0
2876,135,77,143,2017,194743.0,154322.0
2877,135,81,143,2017,5166.0,0.0
2878,135,90,143,2017,14088.0,5514.0
2879,135,97,143,2017,0.0,2035.0
2880,135,102,143,2017,0.0,719767.0
2881,135,103,143,2017,0.0,11871.0
2882,135,111,143,2017,4513073.0,681787.0
2883,135,121,143,2017,54784.0,0.0
2884,135,130,143,2017,4312.0,164518.0
2885,135,153,143,2017,0.0,533.0
2886,135,162,143,2017,7855.0,76766.0
2887,135,163,143,2017,0.0,742.0
2888,135,177,143,2017,234018.0,6721511.0
2889,135,206,143,2017,1392.0,34534.0
2890,135,207,143,2017,0.0,36372.0
2891,135,208,143,2017,15266.0,97117.0
2892,135,216,143,2017,0.0,1013.0
2893,135,224,143,2017,1231025.0,3726460.0
2894,135,231,143,2017,180439.0,13970.0
2895,135,249,143,2017,0.0,2040.0
2896,135,250,143,2017,31487.0,202587.0
2897,135,59,143,2017,45010.0,91008.0
2898,135,131,143,2017,2687.0,0.0
2899,135,110,143,2017,2619.0,0.0
2900,135,228,143,2017,38792.0,35638986.0
2901,135,185,143,2017,1287768.0,16805075.0
2902,135,186,143,2017,112147.0,14651046.0
2903,135,239,143,2017,0.0,14701.0
2904,135,72,143,2017,16908.0,16607.0
2905,135,16,143,2017,4996.0,0.0
2906,135,28,143,2017,27321.0,12166811.0
2907,135,100,143,2017,0.0,11094.0
2908,135,132,143,2017,0.0,6783.0
2909,135,201,143,2017,25990.0,253280.0
2910,135,23,144,2017,0.0,52790.0
2911,135,61,144,2017,0.0,3800.0
2912,135,71,144,2017,0.0,69045.0
2913,135,77,144,2017,0.0,55631.0
2914,135,102,144,2017,0.0,261682.0
2915,135,111,144,2017,0.0,101247.0
2916,135,130,144,2017,0.0,37523.0
2917,135,177,144,2017,0.0,27355.0
2918,135,179,144,2017,0.0,1229597.0
2919,135,224,144,2017,17771.0,0.0
2920,135,228,144,2017,6449.0,116088.0
2921,135,185,144,2017,0.0,66651.0
2922,135,186,144,2017,38573.0,21128.0
2923,135,26,144,2017,5830.0,0.0
2924,135,82,144,2017,460584.0,0.0
2925,135,219,144,2017,1532.0,0.0
2926,135,18,145,2017,0.0,2932.0
2927,135,43,145,2017,0.0,20184.0
2928,135,61,145,2017,0.0,20567.0
2929,135,77,145,2017,11844.0,0.0
2930,135,111,145,2017,0.0,1044.0
2931,135,177,145,2017,0.0,59779.0
2932,135,224,145,2017,0.0,2293.0
2933,135,228,145,2017,0.0,20990.0
2934,135,239,145,2017,0.0,1467.0
2935,135,15,146,2017,0.0,3725.0
2936,135,61,146,2017,0.0,208515.0
2937,135,102,146,2017,0.0,3249.0
2938,135,111,146,2017,0.0,4078.0
2939,135,177,146,2017,0.0,2786.0
2940,135,228,146,2017,2293654.0,32673.0
2941,135,185,146,2017,630731.0,331227.0
2942,135,186,146,2017,0.0,22380.0
2943,135,43,149,2017,0.0,22777.0
2944,135,102,149,2017,0.0,44511.0
2945,135,104,149,2017,0.0,521.0
2946,135,111,149,2017,8222.0,307276.0
2947,135,224,149,2017,0.0,13436.0
2948,135,15,150,2017,0.0,20651.0
2949,135,18,150,2017,0.0,965.0
2950,135,23,150,2017,0.0,33937.0
2951,135,43,150,2017,0.0,149657.0
2952,135,61,150,2017,0.0,112709.0
2953,135,81,150,2017,531.0,46011.0
2954,135,102,150,2017,0.0,267837.0
2955,135,104,150,2017,30158.0,0.0
2956,135,111,150,2017,74059.0,2054175.0
2957,135,130,150,2017,0.0,10062.0
2958,135,177,150,2017,0.0,100699.0
2959,135,179,150,2017,0.0,1014.0
2960,135,224,150,2017,82269.0,124309.0
2961,135,250,150,2017,0.0,5011.0
2962,135,59,150,2017,0.0,466802.0
2963,135,228,150,2017,214684.0,150950.0
2964,135,185,150,2017,107858.0,3167454.0
2965,135,28,150,2017,38640.0,19871.0
2966,135,7,151,2017,0.0,6876.0
2967,135,15,151,2017,10765.0,5379.0
2968,135,18,151,2017,1784.0,258117.0
2969,135,23,151,2017,4304.0,89697.0
2970,135,41,151,2017,9052.0,197778.0
2971,135,43,151,2017,0.0,684806.0
2972,135,61,151,2017,728526.0,1306667.0
2973,135,71,151,2017,0.0,468711.0
2974,135,77,151,2017,1876526.0,63776.0
2975,135,81,151,2017,0.0,1385637.0
2976,135,97,151,2017,0.0,869.0
2977,135,102,151,2017,670890.0,1047725.0
2978,135,103,151,2017,0.0,1584.0
2979,135,104,151,2017,0.0,180281.0
2980,135,111,151,2017,1752928.0,9825261.0
2981,135,114,151,2017,1483.0,0.0
2982,135,121,151,2017,0.0,5928.0
2983,135,130,151,2017,766404.0,0.0
2984,135,162,151,2017,0.0,493531.0
2985,135,177,151,2017,1663981.0,1948761.0
2986,135,179,151,2017,0.0,2052.0
2987,135,206,151,2017,43546.0,0.0
2988,135,207,151,2017,131891.0,0.0
2989,135,208,151,2017,32346.0,0.0
2990,135,216,151,2017,0.0,1968.0
2991,135,224,151,2017,82578.0,3951904.0
2992,135,231,151,2017,7731.0,0.0
2993,135,59,151,2017,1603991.0,0.0
2994,135,168,151,2017,0.0,7583.0
2995,135,115,151,2017,0.0,12055099.0
2996,135,228,151,2017,3470466.0,84999.0
2997,135,185,151,2017,1449423.0,1066126.0
2998,135,186,151,2017,5645646.0,875812.0
2999,135,140,151,2017,22536.0,0.0
3000,135,134,151,2017,0.0,17965.0
3001,135,72,151,2017,0.0,17519.0
3002,135,26,151,2017,544602.0,0.0
3003,135,28,151,2017,208758.0,270998.0
3004,135,68,151,2017,0.0,79712.0
3005,135,100,151,2017,1174053.0,5484.0
3006,135,201,151,2017,1814809.0,0.0
3007,135,223,151,2017,5039.0,0.0
3008,135,232,151,2017,0.0,3120685.0
3009,135,144,151,2017,7085.0,0.0
3010,135,7,153,2017,0.0,13193.0
3011,135,15,153,2017,0.0,20958.0
3012,135,18,153,2017,361078.0,377503.0
3013,135,23,153,2017,308951.0,22582.0
3014,135,41,153,2017,0.0,210998.0
3015,135,43,153,2017,0.0,1980413.0
3016,135,61,153,2017,4333.0,1222804.0
3017,135,67,153,2017,0.0,34437.0
3018,135,71,153,2017,0.0,78981.0
3019,135,77,153,2017,2053.0,83697.0
3020,135,81,153,2017,47505.0,1541722.0
3021,135,90,153,2017,0.0,25309.0
3022,135,102,153,2017,0.0,1203910.0
3023,135,103,153,2017,0.0,13351.0
3024,135,104,153,2017,0.0,22915.0
3025,135,106,153,2017,0.0,8343.0
3026,135,111,153,2017,136282.0,14515296.0
3027,135,114,153,2017,0.0,21145.0
3028,135,121,153,2017,0.0,308692.0
3029,135,130,153,2017,0.0,76482.0
3030,135,162,153,2017,15089.0,138404.0
3031,135,163,153,2017,0.0,1146.0
3032,135,177,153,2017,195371.0,753714.0
3033,135,179,153,2017,0.0,2716.0
3034,135,206,153,2017,1813.0,4741873.0
3035,135,207,153,2017,0.0,27046.0
3036,135,208,153,2017,0.0,46890.0
3037,135,216,153,2017,0.0,6067.0
3038,135,224,153,2017,76997.0,17602653.0
3039,135,231,153,2017,0.0,1537.0
3040,135,249,153,2017,0.0,342875.0
3041,135,59,153,2017,0.0,28071.0
3042,135,107,153,2017,0.0,6235.0
3043,135,110,153,2017,0.0,3930.0
3044,135,228,153,2017,45215.0,60058.0
3045,135,185,153,2017,67882.0,5446603.0
3046,135,186,153,2017,940213.0,158991.0
3047,135,140,153,2017,24515.0,2353.0
3048,135,134,153,2017,471873.0,0.0
3049,135,239,153,2017,0.0,5055.0
3050,135,28,153,2017,1816450.0,32717.0
3051,135,68,153,2017,10849.0,0.0
3052,135,7,154,2017,0.0,21131.0
3053,135,15,154,2017,0.0,9121.0
3054,135,18,154,2017,0.0,470127.0
3055,135,23,154,2017,0.0,864464.0
3056,135,41,154,2017,0.0,91823.0
3057,135,43,154,2017,0.0,3417358.0
3058,135,61,154,2017,18624.0,10700016.0
3059,135,67,154,2017,0.0,930.0
3060,135,71,154,2017,6505.0,962272.0
3061,135,77,154,2017,0.0,316797.0
3062,135,81,154,2017,57423.0,4332805.0
3063,135,102,154,2017,42107.0,1201186.0
3064,135,103,154,2017,0.0,602.0
3065,135,104,154,2017,0.0,43737.0
3066,135,111,154,2017,55048.0,3408360.0
3067,135,114,154,2017,0.0,852.0
3068,135,121,154,2017,0.0,19500.0
3069,135,130,154,2017,0.0,47940.0
3070,135,162,154,2017,0.0,2171063.0
3071,135,177,154,2017,311922.0,3544448.0
3072,135,179,154,2017,0.0,14789.0
3073,135,207,154,2017,0.0,31745.0
3074,135,216,154,2017,0.0,1244.0
3075,135,224,154,2017,169111.0,15248921.0
3076,135,231,154,2017,4386.0,10246.0
3077,135,249,154,2017,0.0,1582.0
3078,135,59,154,2017,0.0,18397.0
3079,135,168,154,2017,0.0,17715.0
3080,135,110,154,2017,0.0,661.0
3081,135,228,154,2017,163789.0,221177.0
3082,135,185,154,2017,67534.0,3942225.0
3083,135,186,154,2017,12332.0,192905.0
3084,135,134,154,2017,4917.0,6809.0
3085,135,239,154,2017,0.0,21972.0
3086,135,28,154,2017,2549628.0,506967.0
3087,135,132,154,2017,0.0,2664.0
3088,135,201,154,2017,0.0,3976.0
3089,135,144,154,2017,2515.0,0.0
3090,135,7,155,2017,0.0,93804.0
3091,135,15,155,2017,0.0,209639.0
3092,135,18,155,2017,0.0,31330.0
3093,135,23,155,2017,0.0,537390.0
3094,135,41,155,2017,0.0,6051.0
3095,135,43,155,2017,0.0,202580.0
3096,135,61,155,2017,0.0,5560861.0
3097,135,67,155,2017,0.0,3003.0
3098,135,71,155,2017,0.0,49990.0
3099,135,77,155,2017,0.0,181876.0
3100,135,81,155,2017,11819.0,313082.0
3101,135,90,155,2017,0.0,20066.0
3102,135,102,155,2017,0.0,668016.0
3103,135,104,155,2017,0.0,3567.0
3104,135,111,155,2017,45745.0,2241441.0
3105,135,114,155,2017,0.0,2408.0
3106,135,121,155,2017,0.0,12436.0
3107,135,130,155,2017,1103.0,142767.0
3108,135,153,155,2017,0.0,251.0
3109,135,162,155,2017,1142.0,38643.0
3110,135,163,155,2017,1132.0,1607.0
3111,135,177,155,2017,3084.0,765477.0
3112,135,206,155,2017,0.0,292141.0
3113,135,207,155,2017,0.0,4949.0
3114,135,208,155,2017,0.0,106538.0
3115,135,216,155,2017,0.0,5436.0
3116,135,224,155,2017,0.0,1756795.0
3117,135,231,155,2017,5020.0,22581.0
3118,135,59,155,2017,0.0,508413.0
3119,135,131,155,2017,0.0,23209.0
3120,135,168,155,2017,0.0,3130.0
3121,135,228,155,2017,16878.0,557230.0
3122,135,185,155,2017,66365.0,7658930.0
3123,135,186,155,2017,0.0,697064.0
3124,135,140,155,2017,87315.0,0.0
3125,135,134,155,2017,12600.0,0.0
3126,135,239,155,2017,0.0,39150.0
3127,135,22,155,2017,0.0,31181.0
3128,135,72,155,2017,0.0,46422.0
3129,135,28,155,2017,93572.0,54112.0
3130,135,100,155,2017,0.0,5088.0
3131,135,132,155,2017,0.0,5817.0
3132,135,201,155,2017,0.0,2872922.0
3133,135,15,156,2017,18335.0,7219.0
3134,135,18,156,2017,43206.0,308894.0
3135,135,23,156,2017,95645.0,0.0
3136,135,39,156,2017,38873.0,0.0
3137,135,41,156,2017,118626.0,984.0
3138,135,43,156,2017,13835.0,18963.0
3139,135,61,156,2017,3230407.0,740357.0
3140,135,64,156,2017,0.0,2705.0
3141,135,71,156,2017,48413.0,0.0
3142,135,77,156,2017,19079.0,164473.0
3143,135,81,156,2017,99779.0,28435.0
3144,135,90,156,2017,23905.0,3763.0
3145,135,102,156,2017,136202.0,41312.0
3146,135,104,156,2017,0.0,12520.0
3147,135,111,156,2017,88164.0,78981.0
3148,135,114,156,2017,203479.0,0.0
3149,135,121,156,2017,24755.0,0.0
3150,135,130,156,2017,28166.0,0.0
3151,135,162,156,2017,8158.0,239825.0
3152,135,163,156,2017,8468.0,0.0
3153,135,177,156,2017,1568932.0,37157.0
3154,135,179,156,2017,11547.0,0.0
3155,135,206,156,2017,2063.0,0.0
3156,135,208,156,2017,16385.0,1224.0
3157,135,224,156,2017,61898.0,4008362.0
3158,135,231,156,2017,136452.0,3452.0
3159,135,249,156,2017,0.0,475.0
3160,135,250,156,2017,0.0,37045.0
3161,135,59,156,2017,29499.0,31026.0
3162,135,124,156,2017,78413.0,0.0
3163,135,110,156,2017,5374.0,0.0
3164,135,115,156,2017,147511.0,0.0
3165,135,228,156,2017,663843.0,537340.0
3166,135,14,156,2017,3055.0,0.0
3167,135,185,156,2017,3020476.0,110184.0
3168,135,186,156,2017,2976575.0,54251.0
3169,135,140,156,2017,2555.0,0.0
3170,135,134,156,2017,0.0,1043.0
3171,135,72,156,2017,52858.0,0.0
3172,135,26,156,2017,1164.0,0.0
3173,135,28,156,2017,2009839.0,1539605.0
3174,135,68,156,2017,0.0,27633.0
3175,135,132,156,2017,72636.0,0.0
3176,135,201,156,2017,87844.0,261842.0
3177,135,7,157,2017,0.0,2845.0
3178,135,15,157,2017,0.0,934.0
3179,135,18,157,2017,0.0,64413.0
3180,135,23,157,2017,2373.0,39444.0
3181,135,41,157,2017,4446.0,668948.0
3182,135,43,157,2017,0.0,448465.0
3183,135,61,157,2017,9745.0,984912.0
3184,135,67,157,2017,0.0,1011.0
3185,135,71,157,2017,22994.0,120157.0
3186,135,77,157,2017,61525.0,25317.0
3187,135,81,157,2017,40744.0,989120.0
3188,135,90,157,2017,0.0,8760.0
3189,135,97,157,2017,0.0,57723.0
3190,135,102,157,2017,0.0,451160.0
3191,135,103,157,2017,0.0,1715.0
3192,135,104,157,2017,0.0,27144.0
3193,135,111,157,2017,35191.0,1689200.0
3194,135,114,157,2017,0.0,1980.0
3195,135,121,157,2017,0.0,33270.0
3196,135,153,157,2017,0.0,21473.0
3197,135,162,157,2017,1380.0,73715.0
3198,135,163,157,2017,1692.0,0.0
3199,135,177,157,2017,35137.0,272757.0
3200,135,179,157,2017,0.0,3380.0
3201,135,206,157,2017,2968.0,3951633.0
3202,135,224,157,2017,20162.0,4982701.0
3203,135,231,157,2017,0.0,43141.0
3204,135,249,157,2017,0.0,5067.0
3205,135,59,157,2017,0.0,1377.0
3206,135,131,157,2017,0.0,3148.0
3207,135,168,157,2017,0.0,1080.0
3208,135,107,157,2017,0.0,113166.0
3209,135,228,157,2017,6463.0,39539.0
3210,135,185,157,2017,35761.0,2674557.0
3211,135,186,157,2017,399446.0,113426.0
3212,135,140,157,2017,23016.0,8259.0
3213,135,134,157,2017,1385.0,0.0
3214,135,28,157,2017,684252.0,49369.0
3215,135,132,157,2017,0.0,17073.0
3216,135,201,157,2017,0.0,26340.0
3217,135,7,158,2017,0.0,1640.0
3218,135,15,158,2017,0.0,52273.0
3219,135,18,158,2017,0.0,115974.0
3220,135,23,158,2017,15683.0,1156706.0
3221,135,41,158,2017,849.0,165807.0
3222,135,43,158,2017,0.0,154890.0
3223,135,61,158,2017,7730.0,2399778.0
3224,135,71,158,2017,0.0,64029.0
3225,135,74,158,2017,2932.0,840.0
3226,135,77,158,2017,0.0,25805.0
3227,135,81,158,2017,0.0,1259193.0
3228,135,90,158,2017,0.0,20029.0
3229,135,102,158,2017,15296.0,263754.0
3230,135,104,158,2017,0.0,521833.0
3231,135,111,158,2017,16002.0,2215407.0
3232,135,114,158,2017,0.0,21317.0
3233,135,121,158,2017,0.0,40115.0
3234,135,130,158,2017,0.0,36398.0
3235,135,162,158,2017,0.0,308859.0
3236,135,177,158,2017,40112.0,1804494.0
3237,135,179,158,2017,0.0,2083.0
3238,135,206,158,2017,8495.0,1867824.0
3239,135,207,158,2017,0.0,3131.0
3240,135,208,158,2017,45689.0,1104.0
3241,135,216,158,2017,0.0,187.0
3242,135,224,158,2017,0.0,766522.0
3243,135,231,158,2017,0.0,127747.0
3244,135,249,158,2017,0.0,57561.0
3245,135,59,158,2017,0.0,746381.0
3246,135,131,158,2017,0.0,9848.0
3247,135,168,158,2017,0.0,66059.0
3248,135,110,158,2017,0.0,1983.0
3249,135,228,158,2017,3846.0,572071.0
3250,135,185,158,2017,105375.0,5159678.0
3251,135,186,158,2017,52526.0,175729.0
3252,135,140,158,2017,1165961.0,6546.0
3253,135,134,158,2017,3826.0,0.0
3254,135,28,158,2017,11385.0,60045.0
3255,135,132,158,2017,0.0,1681.0
3256,135,201,158,2017,0.0,10862.0
3257,135,7,159,2017,0.0,6412.0
3258,135,15,159,2017,0.0,139694.0
3259,135,18,159,2017,0.0,202992.0
3260,135,23,159,2017,226749.0,34909.0
3261,135,41,159,2017,4117.0,161214.0
3262,135,43,159,2017,0.0,3315111.0
3263,135,61,159,2017,58566.0,5278000.0
3264,135,67,159,2017,0.0,925.0
3265,135,71,159,2017,0.0,6972.0
3266,135,77,159,2017,0.0,378269.0
3267,135,81,159,2017,18971.0,9529182.0
3268,135,90,159,2017,0.0,96851.0
3269,135,97,159,2017,0.0,1809.0
3270,135,102,159,2017,0.0,1658071.0
3271,135,103,159,2017,0.0,3092.0
3272,135,104,159,2017,0.0,7612.0
3273,135,111,159,2017,37381.0,10704279.0
3274,135,114,159,2017,0.0,12723.0
3275,135,121,159,2017,0.0,261547.0
3276,135,130,159,2017,0.0,4219.0
3277,135,162,159,2017,0.0,113121.0
3278,135,177,159,2017,75750.0,610038.0
3279,135,179,159,2017,0.0,3098.0
3280,135,206,159,2017,0.0,329870.0
3281,135,207,159,2017,0.0,2420.0
3282,135,224,159,2017,2833.0,52028972.0
3283,135,231,159,2017,0.0,155872.0
3284,135,249,159,2017,0.0,89667.0
3285,135,250,159,2017,0.0,3436.0
3286,135,59,159,2017,0.0,40315.0
3287,135,228,159,2017,0.0,70285.0
3288,135,14,159,2017,0.0,13058.0
3289,135,185,159,2017,22879.0,2530402.0
3290,135,186,159,2017,74512.0,401398.0
3291,135,140,159,2017,0.0,1686.0
3292,135,239,159,2017,0.0,120900.0
3293,135,28,159,2017,15153310.0,239706.0
3294,135,132,159,2017,0.0,31774.0
3295,135,201,159,2017,3718.0,0.0
3296,135,232,159,2017,0.0,170286.0
3297,135,18,166,2017,0.0,3767.0
3298,135,43,166,2017,0.0,70516.0
3299,135,61,166,2017,0.0,16051.0
3300,135,81,166,2017,0.0,12403.0
3301,135,97,166,2017,0.0,1574.0
3302,135,103,166,2017,0.0,1990.0
3303,135,121,166,2017,0.0,49127.0
3304,135,162,166,2017,0.0,2339.0
3305,135,177,166,2017,0.0,54736.0
3306,135,208,166,2017,0.0,9462.0
3307,135,224,166,2017,0.0,6105.0
3308,135,231,166,2017,9632.0,0.0
3309,135,59,166,2017,0.0,1544.0
3310,135,110,166,2017,16368.0,0.0
3311,135,228,166,2017,0.0,27882.0
3312,135,185,166,2017,21718.0,6851.0
3313,135,186,166,2017,0.0,14839.0
3314,135,239,166,2017,0.0,23377.0
3315,135,16,166,2017,0.0,2576.0
3316,135,15,167,2017,0.0,29802.0
3317,135,18,167,2017,0.0,126825.0
3318,135,23,167,2017,66196.0,696138.0
3319,135,24,167,2017,1615.0,0.0
3320,135,32,167,2017,0.0,38207.0
3321,135,39,167,2017,0.0,6262.0
3322,135,41,167,2017,0.0,46431.0
3323,135,43,167,2017,0.0,580102.0
3324,135,61,167,2017,1039.0,1025029.0
3325,135,64,167,2017,0.0,11262.0
3326,135,71,167,2017,0.0,129248.0
3327,135,74,167,2017,0.0,189356.0
3328,135,77,167,2017,7601.0,74692.0
3329,135,81,167,2017,0.0,50296.0
3330,135,90,167,2017,6405.0,165292.0
3331,135,102,167,2017,0.0,73013.0
3332,135,104,167,2017,0.0,131160.0
3333,135,111,167,2017,0.0,889708.0
3334,135,114,167,2017,0.0,155.0
3335,135,121,167,2017,0.0,29535.0
3336,135,130,167,2017,8108.0,50565.0
3337,135,162,167,2017,3229.0,84292.0
3338,135,177,167,2017,0.0,1448918.0
3339,135,179,167,2017,0.0,1651.0
3340,135,188,167,2017,0.0,9072.0
3341,135,206,167,2017,0.0,311851.0
3342,135,207,167,2017,0.0,17461.0
3343,135,208,167,2017,0.0,817.0
3344,135,224,167,2017,0.0,651642.0
3345,135,231,167,2017,10361.0,18336.0
3346,135,249,167,2017,0.0,4010.0
3347,135,59,167,2017,0.0,169406.0
3348,135,168,167,2017,0.0,246.0
3349,135,110,167,2017,68532.0,0.0
3350,135,228,167,2017,10948.0,10664785.0
3351,135,185,167,2017,596501.0,7914571.0
3352,135,186,167,2017,57276.0,8638205.0
3353,135,134,167,2017,0.0,329.0
3354,135,239,167,2017,0.0,2959.0
3355,135,72,167,2017,0.0,1180.0
3356,135,28,167,2017,40016.0,174812.0
3357,135,68,167,2017,0.0,5336.0
3358,135,132,167,2017,0.0,32222.0
3359,135,167,167,2017,0.0,19496.0
3360,135,201,167,2017,1110.0,2832.0
3361,135,7,168,2017,0.0,15160.0
3362,135,15,168,2017,0.0,575251.0
3363,135,18,168,2017,0.0,6742.0
3364,135,23,168,2017,42317.0,2080794.0
3365,135,41,168,2017,0.0,1629.0
3366,135,43,168,2017,0.0,2425907.0
3367,135,61,168,2017,6505.0,853240.0
3368,135,64,168,2017,0.0,1558.0
3369,135,71,168,2017,0.0,4469440.0
3370,135,77,168,2017,0.0,77856.0
3371,135,81,168,2017,0.0,39264.0
3372,135,90,168,2017,0.0,1392.0
3373,135,97,168,2017,0.0,13941.0
3374,135,102,168,2017,0.0,701687.0
3375,135,103,168,2017,0.0,319.0
3376,135,104,168,2017,0.0,6886.0
3377,135,111,168,2017,0.0,4508335.0
3378,135,114,168,2017,0.0,154.0
3379,135,121,168,2017,0.0,9196.0
3380,135,130,168,2017,0.0,4293.0
3381,135,138,168,2017,0.0,3017.0
3382,135,162,168,2017,132079.0,41356.0
3383,135,177,168,2017,0.0,4338567.0
3384,135,179,168,2017,0.0,4609.0
3385,135,206,168,2017,0.0,348380.0
3386,135,216,168,2017,0.0,2013.0
3387,135,224,168,2017,0.0,1351954.0
3388,135,231,168,2017,0.0,68397.0
3389,135,250,168,2017,46808.0,0.0
3390,135,59,168,2017,4941.0,515971.0
3391,135,107,168,2017,0.0,5601.0
3392,135,128,168,2017,0.0,25316.0
3393,135,228,168,2017,140391.0,10676024.0
3394,135,185,168,2017,2255123.0,3216190.0
3395,135,186,168,2017,559592.0,3002884.0
3396,135,22,168,2017,0.0,1392.0
3397,135,16,168,2017,15503.0,0.0
3398,135,28,168,2017,8730.0,4914638.0
3399,135,68,168,2017,0.0,3761.0
3400,135,100,168,2017,0.0,11949.0
3401,135,201,168,2017,7293.0,1440.0
3402,135,7,169,2017,3131.0,81401.0
3403,135,15,169,2017,0.0,122111.0
3404,135,18,169,2017,0.0,54799.0
3405,135,23,169,2017,1587158.0,2832992.0
3406,135,32,169,2017,0.0,7957.0
3407,135,39,169,2017,31640.0,0.0
3408,135,41,169,2017,117692.0,28052.0
3409,135,43,169,2017,67200.0,2428778.0
3410,135,58,169,2017,33554.0,0.0
3411,135,61,169,2017,218812.0,507689.0
3412,135,64,169,2017,0.0,5570.0
3413,135,71,169,2017,318553.0,137057.0
3414,135,74,169,2017,0.0,31549.0
3415,135,77,169,2017,472284.0,754457.0
3416,135,81,169,2017,0.0,73138.0
3417,135,90,169,2017,2338118.0,2472.0
3418,135,97,169,2017,0.0,6454.0
3419,135,102,169,2017,442386.0,80331.0
3420,135,103,169,2017,0.0,7270.0
3421,135,104,169,2017,1500.0,24060.0
3422,135,111,169,2017,2885912.0,925920.0
3423,135,114,169,2017,0.0,2892.0
3424,135,121,169,2017,0.0,12638.0
3425,135,130,169,2017,45322.0,75706.0
3426,135,138,169,2017,0.0,7883.0
3427,135,162,169,2017,3291.0,92671.0
3428,135,177,169,2017,185797.0,755406.0
3429,135,179,169,2017,0.0,5463.0
3430,135,206,169,2017,38130.0,27843.0
3431,135,207,169,2017,0.0,126268.0
3432,135,208,169,2017,0.0,9466.0
3433,135,216,169,2017,0.0,96.0
3434,135,224,169,2017,1490008.0,623068.0
3435,135,230,169,2017,66918.0,0.0
3436,135,231,169,2017,102584.0,39315.0
3437,135,246,169,2017,7846.0,756.0
3438,135,249,169,2017,0.0,29580.0
3439,135,250,169,2017,3564.0,19176.0
3440,135,59,169,2017,0.0,875925.0
3441,135,124,169,2017,29661.0,0.0
3442,135,131,169,2017,0.0,2029.0
3443,135,107,169,2017,0.0,87475.0
3444,135,110,169,2017,92317.0,661.0
3445,135,115,169,2017,9282.0,0.0
3446,135,228,169,2017,384458.0,6482992.0
3447,135,14,169,2017,0.0,815.0
3448,135,185,169,2017,22142126.0,2485367.0
3449,135,186,169,2017,293812.0,10577850.0
3450,135,140,169,2017,424878.0,31865.0
3451,135,134,169,2017,0.0,678.0
3452,135,72,169,2017,23975.0,26374.0
3453,135,16,169,2017,275400.0,0.0
3454,135,26,169,2017,74125.0,0.0
3455,135,28,169,2017,454738.0,4215752.0
3456,135,68,169,2017,0.0,28922.0
3457,135,82,169,2017,1745645.0,33495.0
3458,135,100,169,2017,7097.0,162458.0
3459,135,108,169,2017,85164.0,0.0
3460,135,132,169,2017,5122.0,36010.0
3461,135,201,169,2017,335978.0,7771.0
3462,135,223,169,2017,5216.0,0.0
3463,135,4,169,2017,17953.0,0.0
3464,135,144,169,2017,19330.0,0.0
3465,135,9,169,2017,137939.0,19886.0
3466,135,15,170,2017,0.0,230574.0
3467,135,18,170,2017,2306.0,0.0
3468,135,23,170,2017,0.0,1665.0
3469,135,32,170,2017,0.0,816.0
3470,135,41,170,2017,43608.0,59384.0
3471,135,43,170,2017,0.0,63089.0
3472,135,58,170,2017,0.0,2751.0
3473,135,61,170,2017,191203.0,584674.0
3474,135,71,170,2017,1132.0,113227.0
3475,135,77,170,2017,6038.0,181260.0
3476,135,81,170,2017,2278.0,139783.0
3477,135,90,170,2017,0.0,24566.0
3478,135,97,170,2017,0.0,9566.0
3479,135,102,170,2017,0.0,109247.0
3480,135,104,170,2017,0.0,4775.0
3481,135,106,170,2017,871.0,0.0
3482,135,111,170,2017,160046.0,431511.0
3483,135,121,170,2017,0.0,7083.0
3484,135,122,170,2017,15663.0,0.0
3485,135,130,170,2017,0.0,3366.0
3486,135,153,170,2017,2167.0,0.0
3487,135,174,170,2017,0.0,1494.0
3488,135,177,170,2017,0.0,17828.0
3489,135,216,170,2017,0.0,11502.0
3490,135,224,170,2017,1132026.0,2019630.0
3491,135,231,170,2017,48347.0,2968.0
3492,135,246,170,2017,1435.0,0.0
3493,135,250,170,2017,136069.0,0.0
3494,135,59,170,2017,1036.0,1861.0
3495,135,183,170,2017,2873.0,0.0
3496,135,228,170,2017,0.0,117837.0
3497,135,185,170,2017,9216.0,15654.0
3498,135,186,170,2017,28771.0,5579548.0
3499,135,239,170,2017,0.0,72539.0
3500,135,72,170,2017,0.0,10699.0
3501,135,28,170,2017,96384.0,0.0
3502,135,201,170,2017,0.0,2386.0
3503,135,15,171,2017,120147.0,202078.0
3504,135,18,171,2017,0.0,1627929.0
3505,135,23,171,2017,1252956.0,450344.0
3506,135,41,171,2017,0.0,6146.0
3507,135,43,171,2017,0.0,908794.0
3508,135,61,171,2017,371405.0,941690.0
3509,135,64,171,2017,0.0,4441.0
3510,135,71,171,2017,0.0,303139.0
3511,135,74,171,2017,0.0,344040.0
3512,135,77,171,2017,0.0,147474.0
3513,135,81,171,2017,641.0,0.0
3514,135,90,171,2017,0.0,117431.0
3515,135,97,171,2017,0.0,15602.0
3516,135,102,171,2017,24273.0,1025426.0
3517,135,104,171,2017,21770.0,45245.0
3518,135,111,171,2017,0.0,2722942.0
3519,135,121,171,2017,0.0,2059807.0
3520,135,130,171,2017,829983.0,97406.0
3521,135,153,171,2017,0.0,458.0
3522,135,162,171,2017,175248.0,15197.0
3523,135,177,171,2017,20298606.0,1744250.0
3524,135,206,171,2017,969465.0,236711.0
3525,135,208,171,2017,0.0,710332.0
3526,135,224,171,2017,0.0,1363737.0
3527,135,231,171,2017,0.0,1782.0
3528,135,249,171,2017,0.0,453027.0
3529,135,59,171,2017,263670.0,19895.0
3530,135,131,171,2017,0.0,120287.0
3531,135,110,171,2017,655.0,0.0
3532,135,228,171,2017,42260716.0,117393062.0
3533,135,185,171,2017,100165606.0,27590325.0
3534,135,186,171,2017,541620.0,4279751.0
3535,135,140,171,2017,20492.0,12652.0
3536,135,72,171,2017,0.0,17249.0
3537,135,28,171,2017,0.0,79596.0
3538,135,100,171,2017,0.0,1081.0
3539,135,132,171,2017,45684.0,16804.0
3540,135,201,171,2017,387704.0,40378.0
3541,135,9,171,2017,2872.0,0.0
3542,135,15,173,2017,2088881.0,37678980.0
3543,135,18,173,2017,0.0,12179.0
3544,135,23,173,2017,2567.0,10061.0
3545,135,32,173,2017,0.0,958.0
3546,135,41,173,2017,0.0,902.0
3547,135,43,173,2017,0.0,86896.0
3548,135,61,173,2017,10302918.0,19988312.0
3549,135,71,173,2017,0.0,15279.0
3550,135,77,173,2017,0.0,6074.0
3551,135,81,173,2017,0.0,3614.0
3552,135,90,173,2017,119793.0,1539409.0
3553,135,102,173,2017,0.0,8632.0
3554,135,111,173,2017,0.0,1142580.0
3555,135,114,173,2017,0.0,122.0
3556,135,130,173,2017,0.0,10728.0
3557,135,162,173,2017,0.0,5526.0
3558,135,177,173,2017,0.0,1153534.0
3559,135,179,173,2017,0.0,1694.0
3560,135,206,173,2017,0.0,1737.0
3561,135,207,173,2017,0.0,10538.0
3562,135,224,173,2017,0.0,4018976.0
3563,135,231,173,2017,0.0,12447.0
3564,135,249,173,2017,0.0,2333.0
3565,135,59,173,2017,0.0,10021.0
3566,135,131,173,2017,0.0,229846.0
3567,135,228,173,2017,0.0,326623.0
3568,135,185,173,2017,1239157.0,813175.0
3569,135,186,173,2017,4986646.0,2701063.0
3570,135,72,173,2017,0.0,5694.0
3571,135,28,173,2017,44408.0,5742.0
3572,135,132,173,2017,18707.0,0.0
3573,135,201,173,2017,0.0,35886.0
3574,135,232,173,2017,0.0,108071.0
3575,135,41,174,2017,0.0,782.0
3576,135,43,174,2017,0.0,2561.0
3577,135,61,174,2017,0.0,25928.0
3578,135,81,174,2017,0.0,14255.0
3579,135,111,174,2017,0.0,5478.0
3580,135,162,174,2017,0.0,600795.0
3581,135,224,174,2017,0.0,1700.0
3582,135,231,174,2017,0.0,30271.0
3583,135,228,174,2017,0.0,2987.0
3584,135,185,174,2017,87080.0,9552.0
3585,135,186,174,2017,3158758.0,1692357.0
3586,135,15,175,2017,2107050.0,159577.0
3587,135,18,175,2017,1617.0,87578.0
3588,135,23,175,2017,0.0,955550.0
3589,135,39,175,2017,0.0,7397.0
3590,135,41,175,2017,10169.0,15746.0
3591,135,43,175,2017,48336.0,1461881.0
3592,135,61,175,2017,30805.0,523900.0
3593,135,64,175,2017,0.0,11779.0
3594,135,71,175,2017,0.0,284091.0
3595,135,74,175,2017,0.0,1589.0
3596,135,77,175,2017,28377.0,89896.0
3597,135,81,175,2017,0.0,6635.0
3598,135,90,175,2017,0.0,477042.0
3599,135,97,175,2017,0.0,3567.0
3600,135,102,175,2017,0.0,93768.0
3601,135,103,175,2017,0.0,1348.0
3602,135,111,175,2017,2065.0,1398300.0
3603,135,114,175,2017,0.0,131.0
3604,135,130,175,2017,0.0,60205.0
3605,135,162,175,2017,4188.0,1312496.0
3606,135,177,175,2017,0.0,1727658.0
3607,135,206,175,2017,0.0,72901.0
3608,135,207,175,2017,0.0,35054.0
3609,135,208,175,2017,0.0,29894.0
3610,135,216,175,2017,0.0,367.0
3611,135,224,175,2017,2378907.0,3599923.0
3612,135,231,175,2017,0.0,4450.0
3613,135,249,175,2017,0.0,21093.0
3614,135,59,175,2017,8691.0,93707.0
3615,135,168,175,2017,0.0,190.0
3616,135,228,175,2017,24885.0,3154647.0
3617,135,185,175,2017,476230.0,2365428.0
3618,135,186,175,2017,741397.0,2192157.0
3619,135,239,175,2017,0.0,1359.0
3620,135,72,175,2017,0.0,88183.0
3621,135,26,175,2017,0.0,27466.0
3622,135,28,175,2017,48589.0,2190143.0
3623,135,82,175,2017,977.0,0.0
3624,135,132,175,2017,0.0,1261.0
3625,135,201,175,2017,0.0,97626.0
3626,135,109,175,2017,7842.0,0.0
3627,135,15,177,2017,0.0,38204.0
3628,135,18,177,2017,22264.0,69488.0
3629,135,24,177,2017,5649.0,0.0
3630,135,43,177,2017,0.0,1472.0
3631,135,61,177,2017,0.0,52268.0
3632,135,71,177,2017,0.0,763.0
3633,135,81,177,2017,0.0,80320.0
3634,135,90,177,2017,0.0,1713.0
3635,135,111,177,2017,0.0,130271.0
3636,135,177,177,2017,0.0,3174.0
3637,135,224,177,2017,0.0,2487.0
3638,135,250,177,2017,0.0,3075.0
3639,135,185,177,2017,10517.0,25863.0
3640,135,186,177,2017,76422.0,8329.0
3641,135,28,177,2017,9566.0,1265.0
3642,135,43,178,2017,0.0,1155.0
3643,135,61,178,2017,0.0,324213.0
3644,135,162,178,2017,0.0,2490.0
3645,135,177,178,2017,0.0,4404.0
3646,135,192,178,2017,0.0,1266248.0
3647,135,59,178,2017,0.0,26508.0
3648,135,185,178,2017,43661.0,320826.0
3649,135,186,178,2017,0.0,11898.0
3650,135,43,179,2017,0.0,5912.0
3651,135,61,179,2017,33400.0,18363.0
3652,135,114,179,2017,0.0,499.0
3653,135,59,179,2017,6465.0,0.0
3654,135,228,179,2017,0.0,27841.0
3655,135,186,179,2017,1674787.0,477769.0
3656,135,7,180,2017,0.0,15133.0
3657,135,15,180,2017,4172.0,169279.0
3658,135,18,180,2017,0.0,25903.0
3659,135,23,180,2017,0.0,39122.0
3660,135,32,180,2017,0.0,18764.0
3661,135,39,180,2017,0.0,17832.0
3662,135,41,180,2017,0.0,296211.0
3663,135,43,180,2017,0.0,1191201.0
3664,135,61,180,2017,62921.0,2950354.0
3665,135,64,180,2017,0.0,22604.0
3666,135,71,180,2017,0.0,139704.0
3667,135,74,180,2017,0.0,6735.0
3668,135,77,180,2017,0.0,103298.0
3669,135,81,180,2017,0.0,47918.0
3670,135,90,180,2017,0.0,132988.0
3671,135,102,180,2017,0.0,77317.0
3672,135,103,180,2017,0.0,877.0
3673,135,104,180,2017,0.0,43864.0
3674,135,106,180,2017,0.0,1331.0
3675,135,111,180,2017,90589.0,1646429.0
3676,135,114,180,2017,0.0,2368.0
3677,135,121,180,2017,0.0,17918.0
3678,135,130,180,2017,1451.0,54028.0
3679,135,138,180,2017,0.0,7765.0
3680,135,162,180,2017,8798.0,120874.0
3681,135,177,180,2017,0.0,2279384.0
3682,135,179,180,2017,0.0,3860.0
3683,135,206,180,2017,0.0,36171.0
3684,135,207,180,2017,0.0,49107.0
3685,135,208,180,2017,0.0,31059.0
3686,135,224,180,2017,17503.0,433883.0
3687,135,231,180,2017,0.0,209334.0
3688,135,249,180,2017,0.0,137181.0
3689,135,250,180,2017,0.0,3102.0
3690,135,59,180,2017,27129.0,222463.0
3691,135,168,180,2017,0.0,6271.0
3692,135,110,180,2017,0.0,2982.0
3693,135,128,180,2017,0.0,1977.0
3694,135,228,180,2017,894.0,782670.0
3695,135,185,180,2017,118433.0,3175402.0
3696,135,186,180,2017,856628.0,378105.0
3697,135,239,180,2017,0.0,27712.0
3698,135,72,180,2017,0.0,16217.0
3699,135,28,180,2017,8207.0,39516.0
3700,135,82,180,2017,2044.0,0.0
3701,135,100,180,2017,0.0,4735.0
3702,135,132,180,2017,0.0,9466.0
3703,135,201,180,2017,2908.0,20156.0
3704,135,7,181,2017,1212.0,0.0
3705,135,15,181,2017,6171.0,1921561.0
3706,135,18,181,2017,60992.0,69317.0
3707,135,23,181,2017,44455.0,221847.0
3708,135,39,181,2017,11418.0,381.0
3709,135,41,181,2017,8211.0,34210.0
3710,135,43,181,2017,15759.0,839381.0
3711,135,61,181,2017,4843.0,3018896.0
3712,135,64,181,2017,0.0,17375.0
3713,135,71,181,2017,155267.0,176818.0
3714,135,74,181,2017,17779.0,14124.0
3715,135,77,181,2017,6770.0,61380.0
3716,135,81,181,2017,18130.0,53001.0
3717,135,90,181,2017,1291.0,161621.0
3718,135,97,181,2017,0.0,21264.0
3719,135,102,181,2017,182852.0,187526.0
3720,135,104,181,2017,0.0,6250.0
3721,135,111,181,2017,294183.0,3633300.0
3722,135,114,181,2017,0.0,1545.0
3723,135,121,181,2017,0.0,53844.0
3724,135,130,181,2017,8406.0,88321.0
3725,135,138,181,2017,0.0,807.0
3726,135,153,181,2017,0.0,1328.0
3727,135,162,181,2017,0.0,258694.0
3728,135,177,181,2017,92194.0,2945636.0
3729,135,179,181,2017,0.0,8274.0
3730,135,206,181,2017,0.0,54601.0
3731,135,207,181,2017,0.0,143036.0
3732,135,208,181,2017,0.0,29017.0
3733,135,224,181,2017,64957.0,6183978.0
3734,135,230,181,2017,1423.0,0.0
3735,135,231,181,2017,0.0,30677.0
3736,135,249,181,2017,0.0,22704.0
3737,135,59,181,2017,17431.0,500669.0
3738,135,124,181,2017,3477.0,0.0
3739,135,110,181,2017,348990.0,9186.0
3740,135,228,181,2017,13011.0,5110604.0
3741,135,185,181,2017,242370.0,3155324.0
3742,135,186,181,2017,5761738.0,1006959.0
3743,135,239,181,2017,10897.0,19918.0
3744,135,72,181,2017,0.0,102280.0
3745,135,16,181,2017,12491.0,0.0
3746,135,26,181,2017,0.0,14536.0
3747,135,28,181,2017,778597.0,270311.0
3748,135,82,181,2017,27928.0,0.0
3749,135,100,181,2017,1546.0,4658.0
3750,135,117,181,2017,2981.0,0.0
3751,135,132,181,2017,0.0,24973.0
3752,135,167,181,2017,1538.0,0.0
3753,135,201,181,2017,1524.0,1455.0
3754,135,232,181,2017,9753.0,0.0
3755,135,9,181,2017,13343.0,0.0
3756,135,43,184,2017,0.0,17974.0
3757,135,81,184,2017,0.0,2001.0
3758,135,111,184,2017,0.0,9659.0
3759,135,162,184,2017,0.0,1149.0
3760,135,179,184,2017,0.0,952.0
3761,135,206,184,2017,0.0,9083.0
3762,135,224,184,2017,0.0,48001.0
3763,135,231,184,2017,0.0,189679.0
3764,135,59,184,2017,0.0,2188.0
3765,135,115,184,2017,0.0,1624.0
3766,135,228,184,2017,260418.0,274116.0
3767,135,185,184,2017,805282.0,124566.0
3768,135,186,184,2017,87512.0,165312.0
3769,135,28,184,2017,0.0,88343.0
3770,135,82,184,2017,48035.0,0.0
3771,135,132,184,2017,2237.0,0.0
3772,135,232,184,2017,84868.0,0.0
3773,135,1,186,2017,1251160.0,0.0
3774,135,7,186,2017,15746.0,0.0
3775,135,15,186,2017,0.0,9096.0
3776,135,18,186,2017,0.0,1003.0
3777,135,23,186,2017,14731.0,3570611.0
3778,135,39,186,2017,0.0,2814.0
3779,135,43,186,2017,0.0,8795.0
3780,135,61,186,2017,56987.0,1139877.0
3781,135,64,186,2017,0.0,10243.0
3782,135,77,186,2017,80351.0,118855.0
3783,135,81,186,2017,5917.0,769241.0
3784,135,102,186,2017,0.0,2245.0
3785,135,103,186,2017,152456.0,0.0
3786,135,106,186,2017,0.0,1838.0
3787,135,130,186,2017,9783.0,93193.0
3788,135,162,186,2017,0.0,6457.0
3789,135,177,186,2017,58419.0,6075990.0
3790,135,190,186,2017,558153.0,0.0
3791,135,206,186,2017,0.0,4008.0
3792,135,208,186,2017,0.0,4489.0
3793,135,231,186,2017,0.0,229876.0
3794,135,228,186,2017,6711.0,3995114.0
3795,135,185,186,2017,0.0,60720.0
3796,135,186,186,2017,7437.0,318381.0
3797,135,198,186,2017,11500000.0,0.0
3798,135,7,189,2017,0.0,4069.0
3799,135,15,189,2017,0.0,204994.0
3800,135,18,189,2017,0.0,20993.0
3801,135,23,189,2017,0.0,4857.0
3802,135,41,189,2017,208497.0,679974.0
3803,135,43,189,2017,0.0,376158.0
3804,135,58,189,2017,0.0,4763.0
3805,135,61,189,2017,2600.0,1316836.0
3806,135,64,189,2017,0.0,714.0
3807,135,71,189,2017,2025.0,11053.0
3808,135,77,189,2017,36367.0,7321.0
3809,135,81,189,2017,0.0,8500.0
3810,135,97,189,2017,0.0,147447.0
3811,135,102,189,2017,0.0,26280.0
3812,135,104,189,2017,0.0,3494.0
3813,135,111,189,2017,0.0,10053.0
3814,135,114,189,2017,250584.0,11250.0
3815,135,121,189,2017,0.0,924.0
3816,135,130,189,2017,0.0,3831.0
3817,135,138,189,2017,0.0,393.0
3818,135,153,189,2017,2475.0,0.0
3819,135,162,189,2017,0.0,7488.0
3820,135,174,189,2017,0.0,2996.0
3821,135,177,189,2017,0.0,8974.0
3822,135,208,189,2017,0.0,1551.0
3823,135,216,189,2017,0.0,3182.0
3824,135,224,189,2017,0.0,20131.0
3825,135,249,189,2017,0.0,18399.0
3826,135,250,189,2017,323285.0,0.0
3827,135,59,189,2017,0.0,2232.0
3828,135,110,189,2017,1309.0,0.0
3829,135,228,189,2017,0.0,26101.0
3830,135,185,189,2017,293298.0,126226.0
3831,135,186,189,2017,15380.0,100800.0
3832,135,239,189,2017,0.0,64227.0
3833,135,72,189,2017,227741.0,0.0
3834,135,28,189,2017,10783.0,5784.0
3835,135,7,190,2017,0.0,22818.0
3836,135,23,190,2017,0.0,5333.0
3837,135,41,190,2017,1557.0,0.0
3838,135,43,190,2017,0.0,73601.0
3839,135,61,190,2017,0.0,94684.0
3840,135,74,190,2017,0.0,9631.0
3841,135,81,190,2017,0.0,8383.0
3842,135,97,190,2017,0.0,1023.0
3843,135,103,190,2017,0.0,7592.0
3844,135,111,190,2017,0.0,71399.0
3845,135,114,190,2017,0.0,484.0
3846,135,153,190,2017,0.0,349.0
3847,135,162,190,2017,1306.0,0.0
3848,135,192,190,2017,16718.0,0.0
3849,135,224,190,2017,0.0,1126.0
3850,135,231,190,2017,0.0,1569.0
3851,135,59,190,2017,0.0,12602.0
3852,135,185,190,2017,84390.0,55164.0
3853,135,186,190,2017,0.0,7967.0
3854,135,132,190,2017,0.0,74446.0
3855,135,7,193,2017,2375.0,0.0
3856,135,15,193,2017,3660.0,13620.0
3857,135,18,193,2017,0.0,26450.0
3858,135,23,193,2017,0.0,319091.0
3859,135,39,193,2017,38835.0,1366.0
3860,135,41,193,2017,5858.0,27664.0
3861,135,43,193,2017,22968.0,1740059.0
3862,135,58,193,2017,0.0,975.0
3863,135,61,193,2017,187938.0,792329.0
3864,135,64,193,2017,0.0,56398.0
3865,135,71,193,2017,0.0,169840.0
3866,135,74,193,2017,3024.0,3447.0
3867,135,77,193,2017,26916.0,135830.0
3868,135,81,193,2017,9073.0,98555.0
3869,135,90,193,2017,0.0,150572.0
3870,135,97,193,2017,0.0,17570.0
3871,135,102,193,2017,0.0,136544.0
3872,135,103,193,2017,1678.0,20932.0
3873,135,104,193,2017,0.0,53285.0
3874,135,106,193,2017,0.0,16306.0
3875,135,111,193,2017,10318.0,1052619.0
3876,135,114,193,2017,0.0,13732.0
3877,135,118,193,2017,0.0,2381.0
3878,135,130,193,2017,382653.0,219469.0
3879,135,138,193,2017,0.0,6811.0
3880,135,153,193,2017,0.0,8816.0
3881,135,162,193,2017,0.0,345609.0
3882,135,177,193,2017,18527.0,857558.0
3883,135,206,193,2017,0.0,143758.0
3884,135,207,193,2017,0.0,4545.0
3885,135,208,193,2017,1970.0,1146.0
3886,135,216,193,2017,0.0,2155.0
3887,135,224,193,2017,23217.0,730173.0
3888,135,231,193,2017,125110.0,57087.0
3889,135,249,193,2017,0.0,35028.0
3890,135,250,193,2017,219082.0,0.0
3891,135,59,193,2017,54958.0,653605.0
3892,135,168,193,2017,0.0,18977.0
3893,135,228,193,2017,316595.0,1791365.0
3894,135,185,193,2017,5821535.0,4750298.0
3895,135,186,193,2017,181968.0,287125.0
3896,135,239,193,2017,0.0,88479.0
3897,135,142,193,2017,0.0,19390.0
3898,135,72,193,2017,19015.0,32152.0
3899,135,28,193,2017,6297.0,112146.0
3900,135,132,193,2017,2431.0,31199.0
3901,135,201,193,2017,2985.0,0.0
3902,135,217,193,2017,1300.0,0.0
3903,135,7,194,2017,0.0,6200.0
3904,135,15,194,2017,0.0,158859.0
3905,135,18,194,2017,0.0,157862.0
3906,135,23,194,2017,1655.0,157480.0
3907,135,39,194,2017,1258.0,1139.0
3908,135,41,194,2017,0.0,35409.0
3909,135,43,194,2017,0.0,737283.0
3910,135,61,194,2017,3984.0,1209337.0
3911,135,64,194,2017,0.0,17452.0
3912,135,67,194,2017,0.0,22444.0
3913,135,71,194,2017,0.0,139044.0
3914,135,77,194,2017,0.0,130547.0
3915,135,81,194,2017,5058.0,1440910.0
3916,135,97,194,2017,0.0,42522.0
3917,135,102,194,2017,0.0,301751.0
3918,135,103,194,2017,0.0,50742.0
3919,135,104,194,2017,0.0,57408.0
3920,135,106,194,2017,0.0,35001.0
3921,135,111,194,2017,36065.0,3680901.0
3922,135,113,194,2017,0.0,1489.0
3923,135,114,194,2017,0.0,96742.0
3924,135,121,194,2017,0.0,20783.0
3925,135,122,194,2017,10121.0,0.0
3926,135,130,194,2017,10794.0,30301.0
3927,135,138,194,2017,0.0,8056.0
3928,135,153,194,2017,0.0,2246.0
3929,135,162,194,2017,100743.0,254433.0
3930,135,174,194,2017,0.0,4808.0
3931,135,177,194,2017,52561.0,1119322.0
3932,135,179,194,2017,0.0,9277.0
3933,135,206,194,2017,0.0,860265.0
3934,135,207,194,2017,0.0,11883.0
3935,135,208,194,2017,0.0,144032.0
3936,135,216,194,2017,0.0,2560.0
3937,135,224,194,2017,1627.0,845688.0
3938,135,231,194,2017,31964.0,15328.0
3939,135,249,194,2017,0.0,145856.0
3940,135,250,194,2017,33261.0,1646.0
3941,135,59,194,2017,6995.0,239069.0
3942,135,168,194,2017,0.0,1938.0
3943,135,110,194,2017,0.0,9161.0
3944,135,228,194,2017,18744.0,573698.0
3945,135,14,194,2017,0.0,532.0
3946,135,185,194,2017,34998.0,2271679.0
3947,135,186,194,2017,749589.0,508637.0
3948,135,140,194,2017,50890.0,0.0
3949,135,134,194,2017,5649.0,0.0
3950,135,239,194,2017,0.0,109107.0
3951,135,72,194,2017,0.0,4424.0
3952,135,191,194,2017,1004.0,0.0
3953,135,28,194,2017,348948.0,9055.0
3954,135,68,194,2017,82000.0,1186.0
3955,135,82,194,2017,391551.0,0.0
3956,135,132,194,2017,0.0,29647.0
3957,135,201,194,2017,0.0,2938.0
3958,135,4,194,2017,0.0,1848.0
3959,135,43,195,2017,2599.0,0.0
3960,135,61,195,2017,17683.0,0.0
3961,135,77,195,2017,0.0,1276.0
3962,135,81,195,2017,146836.0,0.0
3963,135,111,195,2017,2722.0,6346.0
3964,135,231,195,2017,17199.0,0.0
3965,135,185,195,2017,0.0,12505.0
3966,135,16,195,2017,5762.0,0.0
3967,135,15,105,2017,0.0,126992.0
3968,135,18,105,2017,0.0,20756.0
3969,135,23,105,2017,46316.0,26539.0
3970,135,49,105,2017,0.0,94625.0
3971,135,52,105,2017,0.0,3401.0
3972,135,61,105,2017,0.0,44093.0
3973,135,64,105,2017,0.0,38020.0
3974,135,67,105,2017,0.0,501006.0
3975,135,71,105,2017,0.0,141881.0
3976,135,77,105,2017,141145.0,72476.0
3977,135,90,105,2017,0.0,273741.0
3978,135,102,105,2017,0.0,98606.0
3979,135,111,105,2017,13164.0,1932423.0
3980,135,138,105,2017,0.0,7338.0
3981,135,162,105,2017,0.0,5547317.0
3982,135,163,105,2017,0.0,5429.0
3983,135,177,105,2017,0.0,407374.0
3984,135,179,105,2017,0.0,1807.0
3985,135,224,105,2017,16399.0,245846.0
3986,135,231,105,2017,0.0,14231.0
3987,135,246,105,2017,0.0,1268.0
3988,135,250,105,2017,0.0,2607.0
3989,135,124,105,2017,100711.0,0.0
3990,135,110,105,2017,0.0,17158.0
3991,135,115,105,2017,3214.0,0.0
3992,135,228,105,2017,349492.0,844753.0
3993,135,185,105,2017,134279.0,508010.0
3994,135,186,105,2017,224557.0,0.0
3995,135,16,105,2017,272575.0,0.0
3996,135,26,105,2017,0.0,48046.0
3997,135,28,105,2017,597411.0,6120.0
3998,135,82,105,2017,100880.0,0.0
3999,135,117,105,2017,5090.0,0.0
4000,135,201,105,2017,0.0,79030.0
4001,135,18,152,2017,0.0,250914.0
4002,135,23,152,2017,0.0,1963.0
4003,135,43,152,2017,0.0,40829.0
4004,135,61,152,2017,0.0,20869.0
4005,135,71,152,2017,0.0,5115.0
4006,135,81,152,2017,0.0,1061.0
4007,135,102,152,2017,0.0,16494.0
4008,135,104,152,2017,0.0,74746.0
4009,135,111,152,2017,0.0,182837.0
4010,135,177,152,2017,0.0,36926.0
4011,135,224,152,2017,0.0,53332.0
4012,135,228,152,2017,0.0,27249.0
4013,135,185,152,2017,0.0,519846.0
4014,135,186,152,2017,0.0,17838.0
4015,135,22,152,2017,0.0,657419.0
4016,135,28,152,2017,2562.0,51824.0
4017,135,68,152,2017,0.0,1262.0
4018,135,82,152,2017,0.0,52579.0
4019,135,43,176,2017,0.0,855.0
4020,135,61,176,2017,0.0,15373.0
4021,135,177,176,2017,0.0,4644.0
4022,135,224,176,2017,0.0,12134.0
4023,135,231,176,2017,0.0,61675.0
4024,135,186,176,2017,0.0,1730.0
